MIN=0	-1	-1
MAX=226,274169979695	1	1
SCALE=226,274169979695	0,5	0,5
DEC=2	3	3
DEF="Zeit" t / s	"Spannung" U_A1 / V	"Spannung" U_B1 / V
0	0,551	0,182
0,05	0,5495	0,114
0,1	0,5455	0,047
0,15	0,536	-0,0185
0,2	0,523	-0,0775
0,25	0,5025	-0,1295
0,3	0,4805	-0,1725
0,35	0,4535	-0,209
0,4	0,424	-0,235
0,45	0,3925	-0,2465
0,5	0,36	-0,2505
0,55	0,3295	-0,2395
0,6	0,3005	-0,22
0,65	0,267	-0,1885
0,7	0,2385	-0,1515
0,75	0,2145	-0,1075
0,8	0,1975	-0,0505
0,85	0,1815	0,0075
0,9	0,174	0,0715
0,95	0,1685	0,1405
1	0,1685	0,205
1,05	0,1745	0,2655
1,1	0,188	0,3275
1,15	0,2075	0,382
1,2	0,23	0,43
1,25	0,2585	0,4705
1,3	0,288	0,5055
1,35	0,3195	0,526
1,4	0,3575	0,5355
1,45	0,3925	0,537
1,5	0,424	0,5265
1,55	0,4575	0,506
1,6	0,4925	0,473
1,65	0,5235	0,433
1,7	0,5465	0,3865
1,75	0,5705	0,3315
1,8	0,586	0,2745
1,85	0,596	0,2155
1,9	0,601	0,151
1,95	0,598	0,086
2	0,5885	0,0235
2,05	0,576	-0,033
2,1	0,555	-0,0825
2,15	0,5275	-0,127
2,2	0,4975	-0,1675
2,25	0,463	-0,1955
2,3	0,4215	-0,2135
2,35	0,3825	-0,219
2,4	0,3415	-0,214
2,45	0,3025	-0,204
2,5	0,265	-0,183
2,55	0,2295	-0,1505
2,6	0,197	-0,1095
2,65	0,172	-0,064
2,7	0,1475	-0,013
2,75	0,1295	0,045
2,8	0,118	0,102
2,85	0,114	0,164
2,9	0,1185	0,2255
2,95	0,1315	0,2835
3	0,148	0,3375
3,05	0,1735	0,386
3,1	0,203	0,4255
3,15	0,2395	0,4595
3,2	0,278	0,483
3,25	0,3185	0,499
3,3	0,364	0,5035
3,35	0,4105	0,5005
3,4	0,4515	0,4865
3,45	0,4945	0,462
3,5	0,5315	0,4295
3,55	0,5685	0,3885
3,6	0,5995	0,34
3,65	0,6245	0,292
3,7	0,64	0,233
3,75	0,651	0,18
3,8	0,648	0,121
3,85	0,6415	0,064
3,9	0,6265	0,013
3,95	0,6085	-0,0375
4	0,578	-0,0835
4,05	0,5465	-0,1215
4,1	0,5065	-0,1515
4,15	0,4635	-0,17
4,2	0,4175	-0,1845
4,25	0,37	-0,1865
4,3	0,3215	-0,181
4,35	0,275	-0,165
4,4	0,2305	-0,141
4,45	0,1905	-0,1075
4,5	0,151	-0,0685
4,55	0,121	-0,021
4,6	0,0985	0,026
4,65	0,0835	0,08
4,7	0,0765	0,1325
4,75	0,076	0,188
4,8	0,0845	0,241
4,85	0,102	0,2955
4,9	0,1265	0,339
4,95	0,1595	0,379
5	0,196	0,411
5,05	0,2395	0,439
5,1	0,2845	0,455
5,15	0,3355	0,463
5,2	0,385	0,4615
5,25	0,438	0,456
5,3	0,486	0,44
5,35	0,5345	0,417
5,4	0,5765	0,384
5,45	0,6165	0,3495
5,5	0,647	0,304
5,55	0,673	0,259
5,6	0,685	0,2045
5,65	0,695	0,1545
5,7	0,69	0,1005
5,75	0,68	0,0525
5,8	0,658	0,0055
5,85	0,6285	-0,034
5,9	0,591	-0,07
5,95	0,5505	-0,098
6	0,5	-0,121
6,05	0,4485	-0,133
6,1	0,392	-0,1425
6,15	0,34	-0,1395
6,2	0,284	-0,1285
6,25	0,234	-0,112
6,3	0,185	-0,0895
6,35	0,143	-0,0575
6,4	0,104	-0,023
6,45	0,0745	0,0185
6,5	0,0535	0,0645
6,55	0,0395	0,113
6,6	0,031	0,1575
6,65	0,0365	0,2075
6,7	0,0515	0,248
6,75	0,075	0,293
6,8	0,1065	0,3265
6,85	0,1465	0,3625
6,9	0,191	0,3865
6,95	0,244	0,407
7	0,2975	0,418
7,05	0,357	0,4225
7,1	0,4155	0,419
7,15	0,4735	0,4105
7,2	0,529	0,3905
7,25	0,5795	0,367
7,3	0,622	0,337
7,35	0,6635	0,3025
7,4	0,692	0,2635
7,45	0,7165	0,2235
7,5	0,7285	0,1785
7,55	0,7305	0,133
7,6	0,721	0,091
7,65	0,706	0,0525
7,7	0,6785	0,012
7,75	0,6435	-0,0205
7,8	0,5985	-0,049
7,85	0,549	-0,069
7,9	0,4935	-0,086
7,95	0,434	-0,0945
8	0,37	-0,0965
8,05	0,312	-0,0875
8,1	0,2495	-0,078
8,15	0,1925	-0,0635
8,2	0,141	-0,042
8,25	0,1	-0,0095
8,3	0,0595	0,0215
8,35	0,0305	0,0565
8,4	0,011	0,0935
8,45	0,0025	0,134
8,5	-0,001	0,17
8,55	0,006	0,2105
8,6	0,026	0,2475
8,65	0,0585	0,282
8,7	0,0975	0,307
8,75	0,147	0,334
8,8	0,2	0,352
8,85	0,2595	0,369
8,9	0,3195	0,373
8,95	0,384	0,3765
9	0,4495	0,3665
9,05	0,5115	0,356
9,1	0,568	0,337
9,15	0,6215	0,3155
9,2	0,6665	0,2855
9,25	0,705	0,2595
9,3	0,7345	0,228
9,35	0,753	0,1935
9,4	0,76	0,1585
9,45	0,762	0,1285
9,5	0,745	0,0905
9,55	0,722	0,0615
9,6	0,687	0,031
9,65	0,646	0,0035
9,7	0,5925	-0,0155
9,75	0,5365	-0,0325
9,8	0,4745	-0,042
9,85	0,41	-0,0465
9,9	0,3425	-0,045
9,95	0,2775	-0,0365
10	0,2125	-0,026
10,05	0,156	-0,0115
10,1	0,102	0,007
10,15	0,057	0,0325
10,2	0,02	0,059
10,25	-0,004	0,0895
10,3	-0,0225	0,1165
10,35	-0,027	0,145
10,4	-0,0245	0,1775
10,45	-0,0065	0,21
10,5	0,018	0,236
10,55	0,0525	0,262
10,6	0,098	0,2795
10,65	0,154	0,2985
10,7	0,211	0,3115
10,75	0,277	0,318
10,8	0,3425	0,32
10,85	0,4125	0,321
10,9	0,4775	0,313
10,95	0,547	0,3025
11	0,6065	0,2865
11,05	0,662	0,2715
11,1	0,704	0,25
11,15	0,7415	0,2235
11,2	0,7675	0,1945
11,25	0,783	0,1735
11,3	0,7855	0,1445
11,35	0,781	0,121
11,4	0,7605	0,098
11,45	0,73	0,075
11,5	0,689	0,052
11,55	0,6445	0,0385
11,6	0,583	0,0225
11,65	0,5205	0,0145
11,7	0,4525	0,0065
11,75	0,3825	0,0085
11,8	0,311	0,009
11,85	0,245	0,017
11,9	0,1805	0,0235
11,95	0,1205	0,0385
12	0,0685	0,054
12,05	0,027	0,0725
12,1	-0,0115	0,0905
12,15	-0,033	0,114
12,2	-0,048	0,136
12,25	-0,0455	0,1585
12,3	-0,038	0,1795
12,35	-0,0145	0,2035
12,4	0,015	0,216
12,45	0,0595	0,235
12,5	0,1105	0,245
12,55	0,174	0,256
12,6	0,235	0,257
12,65	0,3045	0,2665
12,7	0,375	0,2645
12,75	0,448	0,2645
12,8	0,5135	0,2555
12,85	0,582	0,251
12,9	0,641	0,235
12,95	0,6945	0,2215
13	0,736	0,2055
13,05	0,7705	0,1935
13,1	0,792	0,1765
13,15	0,8045	0,164
13,2	0,8005	0,142
13,25	0,7885	0,1265
13,3	0,7605	0,109
13,35	0,725	0,0965
13,4	0,676	0,0835
13,45	0,623	0,077
13,5	0,559	0,068
13,55	0,495	0,064
13,6	0,4235	0,0615
13,65	0,3525	0,063
13,7	0,279	0,0635
13,75	0,2095	0,0695
13,8	0,141	0,0755
13,85	0,086	0,086
13,9	0,035	0,0945
13,95	-0,0045	0,1055
14	-0,0375	0,1185
14,05	-0,053	0,133
14,1	-0,064	0,1415
14,15	-0,0555	0,1595
14,2	-0,04	0,165
14,25	-0,011	0,1765
14,3	0,025	0,184
14,35	0,075	0,193
14,4	0,1285	0,1985
14,45	0,1975	0,2065
14,5	0,2655	0,2065
14,55	0,339	0,2105
14,6	0,411	0,202
14,65	0,4825	0,202
14,7	0,549	0,1985
14,75	0,615	0,1995
14,8	0,671	0,1905
14,85	0,7195	0,1865
14,9	0,7645	0,177
14,95	0,793	0,17
15	0,8035	0,1605
15,05	0,8095	0,156
15,1	0,8	0,145
15,15	0,7815	0,1445
15,2	0,7505	0,1345
15,25	0,7125	0,135
15,3	0,6585	0,131
15,35	0,5995	0,1265
15,4	0,5355	0,1205
15,45	0,4665	0,1235
15,5	0,3885	0,121
15,55	0,3145	0,122
15,6	0,24	0,122
15,65	0,1745	0,125
15,7	0,111	0,127
15,75	0,056	0,1355
15,8	0,0075	0,134
15,85	-0,0255	0,1385
15,9	-0,054	0,136
15,95	-0,0675	0,141
16	-0,067	0,141
16,05	-0,055	0,147
16,1	-0,035	0,1475
16,15	-0,002	0,15
16,2	0,041	0,1495
16,25	0,095	0,153
16,3	0,1555	0,15
16,35	0,2235	0,152
16,4	0,293	0,1525
16,45	0,368	0,1525
16,5	0,441	0,152
16,55	0,5145	0,153
16,6	0,581	0,1485
16,65	0,645	0,152
16,7	0,695	0,152
16,75	0,741	0,154
16,8	0,7745	0,1525
16,85	0,803	0,1595
16,9	0,814	0,1595
16,95	0,8155	0,162
17	0,8005	0,1655
17,05	0,775	0,1685
17,1	0,737	0,1695
17,15	0,6905	0,174
17,2	0,6305	0,1755
17,25	0,5685	0,177
17,3	0,501	0,1775
17,35	0,432	0,1815
17,4	0,358	0,18
17,45	0,2875	0,182
17,5	0,2155	0,176
17,55	0,1495	0,1735
17,6	0,0885	0,168
17,65	0,0375	0,1645
17,7	-0,005	0,1565
17,75	-0,036	0,153
17,8	-0,058	0,1475
17,85	-0,065	0,1395
17,9	-0,064	0,1315
17,95	-0,0455	0,1255
18	-0,021	0,1175
18,05	0,018	0,1115
18,1	0,065	0,1055
18,15	0,123	0,1025
18,2	0,1855	0,093
18,25	0,2565	0,0935
18,3	0,3305	0,093
18,35	0,406	0,0955
18,4	0,4745	0,0935
18,45	0,545	0,098
18,5	0,608	0,1005
18,55	0,6675	0,112
18,6	0,715	0,119
18,65	0,759	0,1305
18,7	0,784	0,1405
18,75	0,805	0,1565
18,8	0,8085	0,1645
18,85	0,8005	0,1765
18,9	0,777	0,1895
18,95	0,7475	0,2035
19	0,7085	0,2085
19,05	0,6605	0,219
19,1	0,602	0,223
19,15	0,539	0,2295
19,2	0,466	0,2325
19,25	0,396	0,2375
19,3	0,321	0,2335
19,35	0,2525	0,2295
19,4	0,187	0,2205
19,45	0,127	0,214
19,5	0,069	0,205
19,55	0,022	0,1915
19,6	-0,0145	0,1745
19,65	-0,0375	0,1615
19,7	-0,05	0,143
19,75	-0,051	0,13
19,8	-0,0415	0,112
19,85	-0,019	0,096
19,9	0,0085	0,0815
19,95	0,051	0,0705
20	0,1015	0,0555
20,05	0,163	0,051
20,1	0,2255	0,0415
20,15	0,2945	0,0405
20,2	0,3645	0,0385
20,25	0,4355	0,0415
20,3	0,502	0,046
20,35	0,5665	0,057
20,4	0,623	0,0655
20,45	0,6775	0,0805
20,5	0,721	0,0975
20,55	0,7555	0,117
20,6	0,777	0,1365
20,65	0,7915	0,157
20,7	0,791	0,178
20,75	0,782	0,2005
20,8	0,757	0,2195
20,85	0,725	0,241
20,9	0,681	0,256
20,95	0,6265	0,271
21	0,564	0,28
21,05	0,5005	0,287
21,1	0,432	0,2925
21,15	0,3655	0,294
21,2	0,2965	0,2885
21,25	0,23	0,281
21,3	0,167	0,267
21,35	0,1115	0,251
21,4	0,0625	0,23
21,45	0,023	0,2125
21,5	-0,0095	0,187
21,55	-0,028	0,166
21,6	-0,0365	0,1365
21,65	-0,032	0,111
21,7	-0,0185	0,084
21,75	0,008	0,06
21,8	0,0415	0,04
21,85	0,086	0,0235
21,9	0,136	0,0025
21,95	0,198	-0,0075
22	0,2605	-0,0145
22,05	0,327	-0,0175
22,1	0,3925	-0,017
22,15	0,4615	-0,0085
22,2	0,524	-0,0005
22,25	0,5835	0,0185
22,3	0,6375	0,04
22,35	0,686	0,0595
22,4	0,7225	0,0835
22,45	0,75	0,1135
22,5	0,769	0,1415
22,55	0,774	0,1715
22,6	0,7675	0,202
22,65	0,75	0,2345
22,7	0,7255	0,261
22,75	0,689	0,284
22,8	0,6425	0,305
22,85	0,592	0,326
22,9	0,5315	0,338
22,95	0,468	0,3465
23	0,4035	0,347
23,05	0,3385	0,3445
23,1	0,273	0,335
23,15	0,214	0,321
23,2	0,1545	0,299
23,25	0,1045	0,279
23,3	0,061	0,2525
23,35	0,0285	0,2215
23,4	0,0065	0,189
23,45	-0,0065	0,159
23,5	-0,0105	0,119
23,55	-0,003	0,0825
23,6	0,014	0,0525
23,65	0,043	0,019
23,7	0,078	-0,0075
23,75	0,125	-0,0315
23,8	0,1785	-0,051
23,85	0,235	-0,063
23,9	0,2955	-0,0695
23,95	0,361	-0,067
24	0,4235	-0,0625
24,05	0,4855	-0,0535
24,1	0,5425	-0,039
24,15	0,5925	-0,0145
24,2	0,639	0,0145
24,25	0,6815	0,048
24,3	0,712	0,0805
24,35	0,7325	0,1165
24,4	0,7425	0,1565
24,45	0,742	0,194
24,5	0,7295	0,2305
24,55	0,7095	0,2695
24,6	0,6815	0,3015
24,65	0,643	0,3315
24,7	0,598	0,357
24,75	0,548	0,375
24,8	0,492	0,3885
24,85	0,4325	0,3965
24,9	0,369	0,3935
24,95	0,31	0,387
25	0,252	0,3695
25,05	0,1965	0,352
25,1	0,1455	0,325
25,15	0,1055	0,2935
25,2	0,0685	0,257
25,25	0,042	0,221
25,3	0,026	0,1775
25,35	0,02	0,1335
25,4	0,0195	0,0905
25,45	0,032	0,051
25,5	0,0535	0,014
25,55	0,0845	-0,024
25,6	0,121	-0,0555
25,65	0,164	-0,0805
25,7	0,2135	-0,0975
25,75	0,2685	-0,11
25,8	0,326	-0,1155
25,85	0,384	-0,1115
25,9	0,4405	-0,1045
25,95	0,495	-0,087
26	0,544	-0,062
26,05	0,5885	-0,034
26,1	0,627	0,004
26,15	0,6615	0,0435
26,2	0,6885	0,086
26,25	0,7025	0,132
26,3	0,708	0,18
26,35	0,701	0,2245
26,4	0,689	0,2715
26,45	0,668	0,31
26,5	0,6365	0,3455
26,55	0,601	0,3775
26,6	0,5585	0,4035
26,65	0,5075	0,4275
26,7	0,4535	0,4375
26,75	0,401	0,4405
26,8	0,3465	0,4355
26,85	0,2915	0,4225
26,9	0,243	0,4045
26,95	0,197	0,377
27	0,156	0,3435
27,05	0,12	0,3045
27,1	0,0905	0,2605
27,15	0,0685	0,214
27,2	0,0585	0,166
27,25	0,056	0,115
27,3	0,062	0,0655
27,35	0,0755	0,016
27,4	0,0985	-0,0275
27,45	0,127	-0,066
27,5	0,163	-0,0965
27,55	0,208	-0,125
27,6	0,2545	-0,145
27,65	0,3045	-0,154
27,7	0,355	-0,159
27,75	0,4055	-0,1525
27,8	0,4555	-0,138
27,85	0,5015	-0,1125
27,9	0,5445	-0,0805
27,95	0,583	-0,043
28	0,617	-0,0045
28,05	0,6405	0,046
28,1	0,6555	0,0975
28,15	0,6635	0,1505
28,2	0,6645	0,206
28,25	0,659	0,258
28,3	0,6425	0,307
28,35	0,6175	0,3525
28,4	0,588	0,3935
28,45	0,551	0,423
28,5	0,5115	0,451
28,55	0,4685	0,471
28,6	0,4245	0,4805
28,65	0,3765	0,4795
28,7	0,3315	0,471
28,75	0,284	0,4525
28,8	0,241	0,4255
28,85	0,202	0,392
28,9	0,171	0,3495
28,95	0,1425	0,3015
29	0,1215	0,2495
29,05	0,108	0,1935
29,1	0,101	0,139
29,15	0,099	0,0825
29,2	0,112	0,025
29,25	0,127	-0,0275
29,3	0,148	-0,0745
29,35	0,172	-0,114
29,4	0,207	-0,148
29,45	0,247	-0,1735
29,5	0,289	-0,1865
29,55	0,3315	-0,1945
29,6	0,3765	-0,1925
29,65	0,419	-0,1815
29,7	0,463	-0,157
29,75	0,503	-0,1295
29,8	0,5385	-0,093
29,85	0,5675	-0,0475
29,9	0,5895	0,004
29,95	0,6055	0,0595
30	0,6165	0,121
30,05	0,619	0,1795
30,1	0,6195	0,238
30,15	0,609	0,297
30,2	0,596	0,3495
30,25	0,573	0,3975
30,3	0,547	0,4385
30,35	0,512	0,4685
30,4	0,4755	0,496
30,45	0,437	0,51
30,5	0,399	0,5145
30,55	0,3565	0,51
30,6	0,3195	0,494
30,65	0,2805	0,4675
30,7	0,2485	0,437
30,75	0,2165	0,3915
30,8	0,191	0,3465
30,85	0,169	0,2895
30,9	0,1545	0,2325
30,95	0,147	0,1685
31	0,1455	0,1055
31,05	0,148	0,044
31,1	0,161	-0,0125
31,15	0,176	-0,067
31,2	0,1985	-0,114
31,25	0,22	-0,156
31,3	0,2515	-0,1865
31,35	0,283	-0,211
31,4	0,319	-0,223
31,45	0,3545	-0,2245
31,5	0,3935	-0,217
31,55	0,427	-0,2005
31,6	0,4595	-0,174
31,65	0,4855	-0,1355
31,7	0,512	-0,0895
31,75	0,533	-0,0345
31,8	0,554	0,0235
31,85	0,566	0,084
31,9	0,5735	0,1475
31,95	0,5735	0,212
32	0,57	0,275
32,05	0,557	0,334
32,1	0,545	0,387
32,15	0,5245	0,434
32,2	0,5005	0,478
32,25	0,4725	0,5085
32,3	0,4425	0,53
32,35	0,411	0,5395
32,4	0,3815	0,541
32,45	0,3495	0,5305
32,5	0,3185	0,5065
32,55	0,291	0,474
32,6	0,2685	0,4345
32,65	0,244	0,39
32,7	0,2275	0,333
32,75	0,2115	0,2695
32,8	0,204	0,2075
32,85	0,198	0,1385
32,9	0,1985	0,0735
32,95	0,2015	0,009
33	0,2105	-0,05
33,05	0,2235	-0,1065
33,1	0,2435	-0,153
33,15	0,264	-0,19
33,2	0,291	-0,22
33,25	0,316	-0,242
33,3	0,343	-0,249
33,35	0,368	-0,2475
33,4	0,3935	-0,236
33,45	0,4155	-0,213
33,5	0,441	-0,1755
33,55	0,463	-0,1295
33,6	0,4835	-0,0775
33,65	0,498	-0,022
33,7	0,51	0,046
33,75	0,5175	0,1125
33,8	0,5195	0,181
33,85	0,518	0,2475
33,9	0,5135	0,3115
33,95	0,504	0,371
34	0,492	0,4255
34,05	0,473	0,471
34,1	0,4575	0,5095
34,15	0,4375	0,537
34,2	0,4185	0,556
34,25	0,393	0,5645
34,3	0,371	0,5565
34,35	0,3495	0,5375
34,4	0,3305	0,5085
34,45	0,3115	0,4725
34,5	0,2955	0,424
34,55	0,2795	0,3705
34,6	0,2685	0,3085
34,65	0,259	0,2435
34,7	0,252	0,1775
34,75	0,249	0,106
34,8	0,2515	0,0365
34,85	0,2555	-0,0275
34,9	0,2645	-0,087
34,95	0,2785	-0,141
35	0,2925	-0,1855
35,05	0,3075	-0,224
35,1	0,3245	-0,2495
35,15	0,34	-0,2645
35,2	0,3565	-0,265
35,25	0,3735	-0,2585
35,3	0,393	-0,2405
35,35	0,4105	-0,2105
35,4	0,4255	-0,168
35,45	0,4355	-0,118
35,5	0,4455	-0,061
35,55	0,455	-0,0005
35,6	0,462	0,0665
35,65	0,466	0,1375
35,7	0,468	0,2105
35,75	0,4645	0,281
35,8	0,462	0,346
35,85	0,452	0,405
35,9	0,4455	0,4595
35,95	0,4335	0,5025
36	0,423	0,537
36,05	0,4085	0,561
36,1	0,3975	0,574
36,15	0,3815	0,575
36,2	0,3705	0,5625
36,25	0,357	0,5435
36,3	0,349	0,508
36,35	0,3355	0,4645
36,4	0,329	0,4135
36,45	0,3205	0,3555
36,5	0,315	0,2915
36,55	0,311	0,218
36,6	0,3095	0,1455
36,65	0,306	0,075
36,7	0,306	0,008
36,75	0,311	-0,0575
36,8	0,3155	-0,1215
36,85	0,322	-0,173
36,9	0,3315	-0,2135
36,95	0,3355	-0,247
37	0,3435	-0,268
37,05	0,352	-0,278
37,1	0,362	-0,2755
37,15	0,3675	-0,261
37,2	0,3765	-0,2355
37,25	0,3835	-0,201
37,3	0,389	-0,1525
37,35	0,3935	-0,099
37,4	0,398	-0,0385
37,45	0,398	0,0265
37,5	0,4025	0,0985
37,55	0,4025	0,17
37,6	0,405	0,243
37,65	0,4005	0,312
37,7	0,4035	0,3765
37,75	0,4005	0,432
37,8	0,399	0,483
37,85	0,3935	0,5225
37,9	0,392	0,556
37,95	0,3885	0,577
38	0,3855	0,582
38,05	0,3795	0,5755
38,1	0,379	0,56
38,15	0,377	0,533
38,2	0,3755	0,4945
38,25	0,3705	0,447
38,3	0,3725	0,39
38,35	0,369	0,3255
38,4	0,3675	0,2555
38,45	0,368	0,186
38,5	0,3695	0,117
38,55	0,3655	0,044
38,6	0,367	-0,027
38,65	0,367	-0,0905
38,7	0,365	-0,147
38,75	0,3615	-0,1945
38,8	0,3625	-0,2295
38,85	0,361	-0,26
38,9	0,364	-0,2755
38,95	0,36	-0,281
39	0,357	-0,2735
39,05	0,3555	-0,2545
39,1	0,354	-0,2235
39,15	0,352	-0,183
39,2	0,3505	-0,131
39,25	0,3465	-0,073
39,3	0,346	-0,009
39,35	0,345	0,0585
39,4	0,347	0,1305
39,45	0,3455	0,204
39,5	0,3495	0,277
39,55	0,353	0,3415
39,6	0,3555	0,404
39,65	0,3585	0,4545
39,7	0,3635	0,502
39,75	0,3685	0,5385
39,8	0,3745	0,5655
39,85	0,376	0,5785
39,9	0,3835	0,5795
39,95	0,389	0,569
40	0,397	0,5475
40,05	0,4005	0,515
40,1	0,408	0,472
40,15	0,412	0,416
40,2	0,4165	0,3565
40,25	0,4185	0,293
40,3	0,422	0,2245
40,35	0,423	0,1545
40,4	0,4215	0,081
40,45	0,4165	0,0155
40,5	0,414	-0,051
40,55	0,4095	-0,1125
40,6	0,405	-0,1635
40,65	0,3955	-0,2085
40,7	0,389	-0,243
40,75	0,3765	-0,265
40,8	0,3675	-0,275
40,85	0,357	-0,2745
40,9	0,346	-0,26
40,95	0,3345	-0,236
41	0,324	-0,2015
41,05	0,312	-0,1555
41,1	0,3055	-0,099
41,15	0,301	-0,0365
41,2	0,297	0,029
41,25	0,2925	0,0965
41,3	0,293	0,1655
41,35	0,2955	0,235
41,4	0,3	0,306
41,45	0,3035	0,37
41,5	0,3105	0,427
41,55	0,318	0,4745
41,6	0,332	0,515
41,65	0,3475	0,5435
41,7	0,362	0,562
41,75	0,3765	0,57
41,8	0,3935	0,5645
41,85	0,408	0,5515
41,9	0,4245	0,526
41,95	0,4385	0,486
42	0,45	0,441
42,05	0,4595	0,3855
42,1	0,4695	0,324
42,15	0,4755	0,2575
42,2	0,4815	0,1925
42,25	0,481	0,122
42,3	0,479	0,052
42,35	0,474	-0,016
42,4	0,4655	-0,0755
42,45	0,4525	-0,132
42,5	0,44	-0,174
42,55	0,4205	-0,212
42,6	0,403	-0,241
42,65	0,3825	-0,2575
42,7	0,3635	-0,261
42,75	0,342	-0,2515
42,8	0,3265	-0,235
42,85	0,306	-0,2095
42,9	0,2895	-0,171
42,95	0,2735	-0,1215
43	0,26	-0,0655
43,05	0,248	-0,005
43,1	0,239	0,061
43,15	0,234	0,129
43,2	0,237	0,1965
43,25	0,243	0,265
43,3	0,2515	0,3285
43,35	0,2605	0,3855
43,4	0,276	0,4395
43,45	0,291	0,481
43,5	0,3125	0,5155
43,55	0,333	0,538
43,6	0,36	0,5505
43,65	0,3845	0,551
43,7	0,4105	0,5425
43,75	0,434	0,5225
43,8	0,457	0,4945
43,85	0,4765	0,4545
43,9	0,4985	0,4065
43,95	0,5125	0,3515
44	0,522	0,294
44,05	0,528	0,228
44,1	0,5335	0,161
44,15	0,532	0,0935
44,2	0,529	0,0295
44,25	0,517	-0,0325
44,3	0,5035	-0,0895
44,35	0,484	-0,138
44,4	0,4645	-0,1765
44,45	0,4385	-0,2095
44,5	0,4145	-0,2315
44,55	0,384	-0,239
44,6	0,356	-0,238
44,65	0,3225	-0,2285
44,7	0,296	-0,2065
44,75	0,2715	-0,174
44,8	0,247	-0,1345
44,85	0,226	-0,083
44,9	0,2105	-0,029
44,95	0,1985	0,028
45	0,189	0,093
45,05	0,1845	0,1585
45,1	0,187	0,223
45,15	0,1915	0,2825
45,2	0,2035	0,344
45,25	0,2205	0,3975
45,3	0,247	0,4395
45,35	0,2675	0,4775
45,4	0,297	0,5065
45,45	0,3265	0,5225
45,5	0,364	0,533
45,55	0,3965	0,528
45,6	0,4305	0,5125
45,65	0,463	0,489
45,7	0,494	0,4595
45,75	0,5195	0,419
45,8	0,5435	0,37
45,85	0,5585	0,315
45,9	0,5745	0,2555
45,95	0,5815	0,192
46	0,586	0,133
46,05	0,58	0,0675
46,1	0,5725	0,009
46,15	0,555	-0,0475
46,2	0,536	-0,0945
46,25	0,5075	-0,137
46,3	0,4775	-0,17
46,35	0,4425	-0,1935
46,4	0,4095	-0,2105
46,45	0,369	-0,213
46,5	0,3315	-0,2095
46,55	0,296	-0,195
46,6	0,263	-0,1685
46,65	0,2295	-0,134
46,7	0,2025	-0,094
46,75	0,179	-0,046
46,8	0,162	0,0095
46,85	0,1445	0,0655
46,9	0,14	0,127
46,95	0,1345	0,1835
47	0,1435	0,2435
47,05	0,1575	0,2995
47,1	0,1765	0,352
47,15	0,1965	0,3945
47,2	0,2265	0,4315
47,25	0,259	0,465
47,3	0,2985	0,487
47,35	0,337	0,4975
47,4	0,379	0,4995
47,45	0,419	0,489
47,5	0,4635	0,475
47,55	0,501	0,451
47,6	0,537	0,4155
47,65	0,565	0,374
47,7	0,593	0,327
47,75	0,609	0,274
47,8	0,627	0,218
47,85	0,6325	0,1635
47,9	0,633	0,1065
47,95	0,6215	0,053
48	0,607	0,0015
48,05	0,5845	-0,048
48,1	0,556	-0,087
48,15	0,5185	-0,1225
48,2	0,4835	-0,147
48,25	0,44	-0,1665
48,3	0,399	-0,175
48,35	0,3525	-0,176
48,4	0,309	-0,166
48,45	0,262	-0,1515
48,5	0,2225	-0,124
48,55	0,181	-0,0915
48,6	0,15	-0,05
48,65	0,121	-0,005
48,7	0,1035	0,0455
48,75	0,092	0,0975
48,8	0,0915	0,151
48,85	0,092	0,208
48,9	0,105	0,2595
48,95	0,1215	0,3045
49	0,149	0,3485
49,05	0,1805	0,3865
49,1	0,218	0,4175
49,15	0,2585	0,44
49,2	0,3065	0,4585
49,25	0,3535	0,4645
49,3	0,402	0,4645
49,35	0,4485	0,449
49,4	0,4965	0,4315
49,45	0,538	0,4065
49,5	0,5795	0,3735
49,55	0,611	0,332
49,6	0,6415	0,2865
49,65	0,6595	0,237
49,7	0,6735	0,187
49,75	0,676	0,134
49,8	0,6715	0,088
49,85	0,657	0,041
49,9	0,6395	-0,002
49,95	0,61	-0,043
50	0,5735	-0,0765
50,05	0,5295	-0,1045
50,1	0,483	-0,1245
50,15	0,4295	-0,139
50,2	0,38	-0,1385
50,25	0,327	-0,1345
50,3	0,28	-0,1245
50,35	0,2285	-0,109
50,4	0,185	-0,08
50,45	0,143	-0,0455
50,5	0,11	-0,007
50,55	0,084	0,0325
50,6	0,0665	0,08
50,65	0,053	0,126
50,7	0,054	0,174
50,75	0,0605	0,2195
50,8	0,0765	0,261
50,85	0,101	0,302
50,9	0,1335	0,3395
50,95	0,1705	0,3705
51	0,2145	0,3955
51,05	0,265	0,4125
51,1	0,3195	0,423
51,15	0,374	0,4225
51,2	0,431	0,4155
51,25	0,484	0,4015
51,3	0,5395	0,382
51,35	0,5825	0,354
51,4	0,6245	0,326
51,45	0,657	0,2895
51,5	0,687	0,2525
51,55	0,702	0,211
51,6	0,71	0,1665
51,65	0,7085	0,121
51,7	0,7	0,078
51,75	0,6805	0,038
51,8	0,654	0,0055
51,85	0,617	-0,03
51,9	0,573	-0,0555
51,95	0,525	-0,078
52	0,469	-0,0895
52,05	0,414	-0,0985
52,1	0,3575	-0,097
52,15	0,298	-0,09
52,2	0,2435	-0,0775
52,25	0,191	-0,0575
52,3	0,145	-0,031
52,35	0,1035	-0,003
52,4	0,07	0,032
52,45	0,042	0,0685
52,5	0,0235	0,1085
52,55	0,0165	0,147
52,6	0,021	0,1865
52,65	0,032	0,2235
52,7	0,0575	0,2605
52,75	0,087	0,291
52,8	0,1265	0,3175
52,85	0,1735	0,3425
52,9	0,2265	0,363
52,95	0,282	0,372
53	0,3415	0,381
53,05	0,401	0,377
53,1	0,4645	0,3705
53,15	0,5195	0,3555
53,2	0,5755	0,3355
53,25	0,6225	0,31
53,3	0,666	0,2835
53,35	0,7	0,2495
53,4	0,725	0,219
53,45	0,74	0,1815
53,5	0,7465	0,1465
53,55	0,739	0,1135
53,6	0,723	0,0815
53,65	0,696	0,047
53,7	0,6625	0,0195
53,75	0,618	-0,007
53,8	0,567	-0,0235
53,85	0,512	-0,039
53,9	0,454	-0,0445
53,95	0,3925	-0,05
54	0,3275	-0,045
54,05	0,2645	-0,0385
54,1	0,2055	-0,0255
54,15	0,1495	-0,0085
54,2	0,1015	0,016
54,25	0,0585	0,041
54,3	0,027	0,071
54,35	0,002	0,0985
54,4	-0,0105	0,1325
54,45	-0,0135	0,1645
54,5	-0,003	0,1955
54,55	0,014	0,222
54,6	0,044	0,2485
54,65	0,0825	0,2695
54,7	0,129	0,292
54,75	0,184	0,307
54,8	0,242	0,3195
54,85	0,305	0,323
54,9	0,37	0,328
54,95	0,434	0,3255
55	0,4965	0,316
55,05	0,5545	0,2985
55,1	0,612	0,2815
55,15	0,658	0,2615
55,2	0,7	0,242
55,25	0,732	0,2135
55,3	0,754	0,191
55,35	0,766	0,1625
55,4	0,769	0,1355
55,45	0,7555	0,11
55,5	0,7345	0,085
55,55	0,6985	0,0645
55,6	0,6575	0,0455
55,65	0,608	0,026
55,7	0,552	0,0135
55,75	0,492	0,006
55,8	0,4265	0,001
55,85	0,357	-0,002
55,9	0,29	0,004
55,95	0,225	0,012
56	0,166	0,0245
56,05	0,1135	0,04
56,1	0,0655	0,0605
56,15	0,0255	0,078
56,2	-0,0045	0,1
56,25	-0,024	0,1195
56,3	-0,0325	0,144
56,35	-0,031	0,1655
56,4	-0,016	0,1895
56,45	0,0085	0,21
56,5	0,045	0,2305
56,55	0,0875	0,2425
56,6	0,1375	0,2555
56,65	0,196	0,262
56,7	0,262	0,269
56,75	0,327	0,271
56,8	0,398	0,273
56,85	0,466	0,27
56,9	0,534	0,2635
56,95	0,595	0,251
57	0,654	0,24
57,05	0,701	0,225
57,1	0,7385	0,209
57,15	0,764	0,1895
57,2	0,779	0,171
57,25	0,786	0,151
57,3	0,7815	0,136
57,35	0,7625	0,1175
57,4	0,7345	0,102
57,45	0,695	0,088
57,5	0,6515	0,0775
57,55	0,5955	0,0655
57,6	0,5315	0,0615
57,65	0,463	0,0585
57,7	0,396	0,0575
57,75	0,327	0,055
57,8	0,2585	0,06
57,85	0,193	0,068
57,9	0,1355	0,0765
57,95	0,0795	0,0845
58	0,034	0,097
58,05	-0,0035	0,106
58,1	-0,0275	0,12
58,15	-0,045	0,1335
58,2	-0,048	0,1495
58,25	-0,0405	0,164
58,3	-0,0175	0,176
58,35	0,0115	0,185
58,4	0,054	0,1955
58,45	0,103	0,2035
58,5	0,1605	0,2095
58,55	0,221	0,214
58,6	0,2895	0,217
58,65	0,357	0,2165
58,7	0,43	0,2185
58,75	0,499	0,2145
58,8	0,5625	0,212
58,85	0,6235	0,205
58,9	0,677	0,1975
58,95	0,7215	0,187
59	0,7585	0,1795
59,05	0,78	0,1675
59,1	0,794	0,1615
59,15	0,793	0,152
59,2	0,7835	0,1445
59,25	0,7595	0,134
59,3	0,7265	0,1285
59,35	0,6855	0,122
59,4	0,6335	0,12
59,45	0,5705	0,114
59,5	0,503	0,112
59,55	0,4315	0,1085
59,6	0,3635	0,1095
59,65	0,293	0,1115
59,7	0,226	0,112
59,75	0,1605	0,1135
59,8	0,101	0,12
59,85	0,051	0,124
59,9	0,0105	0,129
59,95	-0,0235	0,131
60	-0,0415	0,1365
60,05	-0,0525	0,1395
60,1	-0,0485	0,144
60,15	-0,038	0,1475
60,2	-0,0105	0,1535
60,25	0,0225	0,156
60,3	0,069	0,1595
60,35	0,1225	0,158
60,4	0,1865	0,161
60,45	0,2525	0,1595
60,5	0,3235	0,1605
60,55	0,394	0,1595
60,6	0,4655	0,16
60,65	0,531	0,159
60,7	0,598	0,163
60,75	0,6535	0,1595
60,8	0,7045	0,1595
60,85	0,7435	0,159
60,9	0,772	0,1595
60,95	0,788	0,1575
61	0,797	0,16
61,05	0,792	0,1605
61,1	0,7795	0,1635
61,15	0,752	0,1645
61,2	0,712	0,1665
61,25	0,6615	0,1645
61,3	0,6065	0,165
61,35	0,5425	0,1645
61,4	0,4765	0,167
61,45	0,4035	0,1655
61,5	0,3325	0,168
61,55	0,2605	0,1645
61,6	0,1975	0,1625
61,65	0,136	0,158
61,7	0,0815	0,159
61,75	0,034	0,1555
61,8	-0,004	0,1555
61,85	-0,034	0,149
61,9	-0,0475	0,1455
61,95	-0,0515	0,1375
62	-0,044	0,1325
62,05	-0,025	0,126
62,1	0,006	0,1255
62,15	0,0455	0,1195
62,2	0,0955	0,115
62,25	0,1525	0,109
62,3	0,2165	0,1085
62,35	0,2855	0,1075
62,4	0,3565	0,108
62,45	0,426	0,1065
62,5	0,493	0,1095
62,55	0,556	0,1085
62,6	0,6175	0,1155
62,65	0,6715	0,1215
62,7	0,7165	0,1315
62,75	0,7525	0,139
62,8	0,78	0,149
62,85	0,792	0,158
62,9	0,794	0,169
62,95	0,782	0,178
63	0,761	0,1875
63,05	0,728	0,1945
63,1	0,688	0,2055
63,15	0,6345	0,212
63,2	0,576	0,2175
63,25	0,511	0,217
63,3	0,441	0,2215
63,35	0,3705	0,221
63,4	0,301	0,2235
63,45	0,2355	0,2175
63,5	0,1705	0,21
63,55	0,11	0,2015
63,6	0,064	0,193
63,65	0,0215	0,178
63,7	-0,0105	0,173
63,75	-0,033	0,1555
63,8	-0,042	0,142
63,85	-0,0415	0,123
63,9	-0,0275	0,112
63,95	-0,005	0,096
64	0,0305	0,088
64,05	0,075	0,0715
64,1	0,128	0,063
64,15	0,185	0,055
64,2	0,2515	0,051
64,25	0,3185	0,0475
64,3	0,3865	0,05
64,35	0,455	0,053
64,4	0,5235	0,061
64,45	0,585	0,0695
64,5	0,642	0,08
64,55	0,6885	0,096
64,6	0,73	0,1105
64,65	0,7555	0,125
64,7	0,777	0,144
64,75	0,785	0,1625
64,8	0,779	0,181
64,85	0,763	0,199
64,9	0,738	0,2205
64,95	0,6995	0,2355
65	0,6565	0,2525
65,05	0,601	0,262
65,1	0,54	0,2725
65,15	0,4725	0,2785
65,2	0,4075	0,277
65,25	0,3395	0,2765
65,3	0,2735	0,2725
65,35	0,208	0,2605
65,4	0,148	0,251
65,45	0,095	0,235
65,5	0,0545	0,218
65,55	0,0165	0,1985
65,6	-0,011	0,1795
65,65	-0,0275	0,153
65,7	-0,0285	0,128
65,75	-0,023	0,105
65,8	-0,006	0,082
65,85	0,02	0,061
65,9	0,06	0,0455
65,95	0,1065	0,0285
66	0,161	0,0165
66,05	0,216	0,004
66,1	0,2795	0,002
66,15	0,3445	-0,0025
66,2	0,4145	0,0025
66,25	0,4775	0,009
66,3	0,539	0,0195
66,35	0,593	0,03
66,4	0,6445	0,055
66,45	0,688	0,074
66,5	0,724	0,1015
66,55	0,7455	0,1255
66,6	0,757	0,1565
66,65	0,7585	0,183
66,7	0,7505	0,21
66,75	0,7285	0,2355
66,8	0,7	0,261
66,85	0,6585	0,279
66,9	0,611	0,3015
66,95	0,5565	0,311
67	0,499	0,3225
67,05	0,4375	0,3285
67,1	0,378	0,3285
67,15	0,312	0,325
67,2	0,2495	0,3155
67,25	0,1895	0,3015
67,3	0,139	0,285
67,35	0,09	0,2605
67,4	0,0545	0,235
67,45	0,028	0,204
67,5	0,0075	0,175
67,55	-0,005	0,141
67,6	-0,0025	0,11
67,65	0,0075	0,0805
67,7	0,0285	0,05
67,75	0,055	0,0175
67,8	0,096	-0,001
67,85	0,1415	-0,023
67,9	0,1965	-0,037
67,95	0,254	-0,05
68	0,317	-0,053
68,05	0,38	-0,0545
68,1	0,442	-0,0435
68,15	0,499	-0,035
68,2	0,555	-0,0115
68,25	0,6045	0,0075
68,3	0,6495	0,0335
68,35	0,6825	0,0595
68,4	0,7115	0,0975
68,45	0,7265	0,1335
68,5	0,734	0,1715
68,55	0,7315	0,203
68,6	0,723	0,2405
68,65	0,698	0,2715
68,7	0,667	0,3045
68,75	0,624	0,3285
68,8	0,58	0,352
68,85	0,525	0,3625
68,9	0,4725	0,3755
68,95	0,412	0,3795
69	0,352	0,376
69,05	0,2905	0,367
69,1	0,237	0,3555
69,15	0,182	0,331
69,2	0,14	0,3115
69,25	0,0985	0,2755
69,3	0,0675	0,242
69,35	0,0415	0,201
69,4	0,03	0,165
69,45	0,0225	0,123
69,5	0,0305	0,0875
69,55	0,0455	0,047
69,6	0,0705	0,012
69,65	0,099	-0,024
69,7	0,1405	-0,0485
69,75	0,185	-0,077
69,8	0,237	-0,0895
69,85	0,291	-0,1005
69,9	0,3505	-0,098
69,95	0,407	-0,0975
70	0,463	-0,086
70,05	0,5145	-0,0715
70,1	0,566	-0,0435
70,15	0,6055	-0,0165
70,2	0,6445	0,0215
70,25	0,67	0,06
70,3	0,686	0,104
70,35	0,6965	0,148
70,4	0,699	0,1925
70,45	0,6905	0,235
70,5	0,677	0,277
70,55	0,651	0,314
70,6	0,6205	0,3475
70,65	0,579	0,374
70,7	0,534	0,3995
70,75	0,4835	0,4145
70,8	0,4335	0,4225
70,85	0,378	0,4215
70,9	0,326	0,418
70,95	0,2755	0,4
71	0,229	0,383
71,05	0,1825	0,352
71,1	0,144	0,3225
71,15	0,1075	0,2805
71,2	0,0835	0,2405
71,25	0,065	0,192
71,3	0,0575	0,146
71,35	0,058	0,098
71,4	0,0705	0,0535
71,45	0,0855	0,0085
71,5	0,1115	-0,03
71,55	0,144	-0,0695
71,6	0,1845	-0,0955
71,65	0,2255	-0,123
71,7	0,274	-0,1375
71,75	0,3215	-0,143
71,8	0,3755	-0,141
71,85	0,4245	-0,132
71,9	0,4735	-0,115
71,95	0,516	-0,0905
72	0,5595	-0,0545
72,05	0,592	-0,0225
72,1	0,623	0,0225
72,15	0,643	0,067
72,2	0,6585	0,1185
72,25	0,667	0,1685
72,3	0,668	0,2225
72,35	0,6555	0,27
72,4	0,638	0,319
72,45	0,6095	0,36
72,5	0,5775	0,396
72,55	0,539	0,4215
72,6	0,499	0,4455
72,65	0,454	0,4585
72,7	0,409	0,4665
72,75	0,3595	0,4625
72,8	0,3135	0,4515
72,85	0,2695	0,427
72,9	0,228	0,4035
72,95	0,1915	0,365
73	0,1595	0,3265
73,05	0,1325	0,2755
73,1	0,113	0,228
73,15	0,101	0,173
73,2	0,098	0,1185
73,25	0,0985	0,064
73,3	0,112	0,015
73,35	0,1295	-0,032
73,4	0,1585	-0,0755
73,45	0,19	-0,113
73,5	0,2245	-0,1415
73,55	0,263	-0,1665
73,6	0,306	-0,1745
73,65	0,345	-0,182
73,7	0,39	-0,174
73,75	0,434	-0,1595
73,8	0,478	-0,136
73,85	0,5135	-0,105
73,9	0,546	-0,068
73,95	0,573	-0,0255
74	0,5955	0,0265
74,05	0,61	0,082
74,1	0,6205	0,138
74,15	0,6225	0,1925
74,2	0,6155	0,253
74,25	0,6025	0,3035
74,3	0,585	0,3565
74,35	0,5615	0,4015
74,4	0,536	0,437
74,45	0,5025	0,4605
74,5	0,466	0,484
74,55	0,427	0,4945
74,6	0,3895	0,496
74,65	0,347	0,487
74,7	0,308	0,473
74,75	0,269	0,444
74,8	0,2365	0,411
74,85	0,205	0,3665
74,9	0,1835	0,321
74,95	0,1635	0,265
75	0,15	0,2095
75,05	0,1415	0,1505
75,1	0,1415	0,093
75,15	0,1485	0,033
75,2	0,1625	-0,0185
75,25	0,1795	-0,0715
75,3	0,2045	-0,1145
75,35	0,229	-0,151
75,4	0,2615	-0,1755
75,45	0,292	-0,1975
75,5	0,331	-0,2055
75,55	0,3645	-0,2075
75,6	0,401	-0,197
75,65	0,437	-0,1775
75,7	0,468	-0,147
75,75	0,496	-0,107
75,8	0,522	-0,06
75,85	0,543	-0,0125
75,9	0,5595	0,0475
75,95	0,57	0,104
76	0,5765	0,1675
76,05	0,5765	0,2235
76,1	0,5705	0,288
76,15	0,557	0,3425
76,2	0,54	0,3945
76,25	0,518	0,438
76,3	0,494	0,4775
76,35	0,4655	0,498
76,4	0,435	0,5145
76,45	0,4005	0,5225
76,5	0,37	0,5225
76,55	0,3365	0,506
76,6	0,3075	0,4855
76,65	0,2775	0,454
76,7	0,2555	0,4135
76,75	0,2355	0,362
76,8	0,219	0,307
76,85	0,2055	0,246
76,9	0,1965	0,187
76,95	0,193	0,1195
77	0,196	0,0595
77,05	0,2015	-0,004
77,1	0,218	-0,0575
77,15	0,2315	-0,1105
77,2	0,25	-0,1515
77,25	0,2705	-0,1865
77,3	0,2975	-0,213
77,35	0,321	-0,2335
77,4	0,3495	-0,2345
77,45	0,374	-0,23
77,5	0,4015	-0,2125
77,55	0,4265	-0,1855
77,6	0,453	-0,1485
77,65	0,474	-0,107
77,7	0,494	-0,053
77,75	0,506	0,003
77,8	0,516	0,0655
77,85	0,5175	0,1305
77,9	0,5215	0,199
77,95	0,5205	0,2615
78	0,5135	0,322
78,05	0,502	0,3795
78,1	0,49	0,4305
78,15	0,4715	0,4715
78,2	0,4545	0,5075
78,25	0,4305	0,532
78,3	0,4085	0,548
78,35	0,3845	0,545
78,4	0,365	0,5375
78,45	0,343	0,519
78,5	0,321	0,49
78,55	0,3005	0,4485
78,6	0,2845	0,4015
78,65	0,266	0,346
78,7	0,2565	0,289
78,75	0,2485	0,221
78,8	0,2465	0,1555
78,85	0,2425	0,0895
78,9	0,2455	0,0265
78,95	0,252	-0,036
79	0,2625	-0,092
79,05	0,2745	-0,147
79,1	0,2905	-0,1885
79,15	0,3065	-0,22
79,2	0,3255	-0,2375
79,25	0,341	-0,2515
79,3	0,3605	-0,2525
79,35	0,3785	-0,243
79,4	0,3975	-0,2155
79,45	0,415	-0,188
79,5	0,4325	-0,1425
79,55	0,444	-0,0915
79,6	0,4525	-0,035
79,65	0,46	0,0245
79,7	0,4665	0,094
79,75	0,4675	0,1615
79,8	0,47	0,2295
79,85	0,4645	0,294
79,9	0,463	0,357
79,95	0,4545	0,411
80	0,4465	0,4655
80,05	0,431	0,5025
80,1	0,42	0,5385
80,15	0,4035	0,557
80,2	0,391	0,563
80,25	0,3785	0,558
80,3	0,3675	0,5465
80,35	0,3525	0,518
80,4	0,341	0,484
80,45	0,33	0,439
80,5	0,3225	0,385
80,55	0,315	0,324
80,6	0,3075	0,262
80,65	0,302	0,1925
80,7	0,301	0,126
80,75	0,3025	0,0565
80,8	0,3035	-0,0095
80,85	0,303	-0,071
80,9	0,3115	-0,1265
80,95	0,318	-0,177
81	0,3325	-0,213
81,05	0,339	-0,2415
81,1	0,3485	-0,2565
81,15	0,357	-0,264
81,2	0,367	-0,259
81,25	0,376	-0,2415
81,3	0,3855	-0,2115
81,35	0,3925	-0,176
81,4	0,3985	-0,125
81,45	0,4005	-0,0705
81,5	0,408	-0,0085
81,55	0,4105	0,0545
81,6	0,413	0,126
81,65	0,414	0,1905
81,7	0,4165	0,2605
81,75	0,416	0,3255
81,8	0,4135	0,3885
81,85	0,408	0,44
81,9	0,406	0,488
81,95	0,398	0,5225
82	0,395	0,5485
82,05	0,389	0,564
82,1	0,3845	0,5705
82,15	0,381	0,5585
82,2	0,375	0,54
82,25	0,3685	0,5085
82,3	0,365	0,469
82,35	0,361	0,416
82,4	0,3605	0,36
82,45	0,3585	0,296
82,5	0,3585	0,229
82,55	0,355	0,1585
82,6	0,356	0,093
82,65	0,3545	0,022
82,7	0,356	-0,043
82,75	0,3545	-0,0995
82,8	0,357	-0,1495
82,85	0,357	-0,195
82,9	0,359	-0,2265
82,95	0,3585	-0,253
83	0,362	-0,2625
83,05	0,3595	-0,2675
83,1	0,358	-0,256
83,15	0,359	-0,235
83,2	0,362	-0,199
83,25	0,36	-0,157
83,3	0,3595	-0,106
83,35	0,3575	-0,047
83,4	0,358	0,016
83,45	0,3555	0,0855
83,5	0,3595	0,1555
83,55	0,3585	0,2245
83,6	0,3625	0,2945
83,65	0,36	0,3535
83,7	0,3625	0,4115
83,75	0,3635	0,461
83,8	0,3685	0,5045
83,85	0,373	0,537
83,9	0,3785	0,56
83,95	0,3815	0,5675
84	0,3885	0,566
84,05	0,389	0,548
84,1	0,3935	0,525
84,15	0,397	0,4885
84,2	0,401	0,4455
84,25	0,4045	0,3905
84,3	0,409	0,333
84,35	0,41	0,27
84,4	0,412	0,2015
84,45	0,409	0,1285
84,5	0,4065	0,061
84,55	0,4035	-0,006
84,6	0,401	-0,0645
84,65	0,3975	-0,1235
84,7	0,394	-0,168
84,75	0,386	-0,21
84,8	0,3785	-0,238
84,85	0,369	-0,2595
84,9	0,359	-0,263
84,95	0,351	-0,2585
85	0,3425	-0,2385
85,05	0,335	-0,215
85,1	0,328	-0,1765
85,15	0,3165	-0,133
85,2	0,314	-0,075
85,25	0,3085	-0,014
85,3	0,306	0,053
85,35	0,3035	0,1175
85,4	0,305	0,1885
85,45	0,304	0,254
85,5	0,3095	0,321
85,55	0,3135	0,3805
85,6	0,323	0,4365
85,65	0,332	0,48
85,7	0,3445	0,516
85,75	0,3535	0,539
85,8	0,369	0,5565
85,85	0,3805	0,558
85,9	0,3955	0,55
85,95	0,4095	0,5325
86	0,4225	0,5035
86,05	0,4335	0,4645
86,1	0,446	0,418
86,15	0,4515	0,3595
86,2	0,4595	0,301
86,25	0,463	0,2325
86,3	0,4665	0,166
86,35	0,466	0,1
86,4	0,464	0,033
86,45	0,4555	-0,0325
86,5	0,4485	-0,0855
86,55	0,437	-0,139
86,6	0,427	-0,179
86,65	0,41	-0,212
86,7	0,3945	-0,233
86,75	0,374	-0,2515
86,8	0,355	-0,25
86,85	0,337	-0,2375
86,9	0,3195	-0,2125
86,95	0,302	-0,185
87	0,29	-0,143
87,05	0,2745	-0,0965
87,1	0,267	-0,039
87,15	0,2575	0,0205
87,2	0,252	0,086
87,25	0,249	0,1495
87,3	0,2495	0,2155
87,35	0,2535	0,2805
87,4	0,264	0,3415
87,45	0,2755	0,3965
87,5	0,291	0,4445
87,55	0,3055	0,483
87,6	0,3265	0,5135
87,65	0,346	0,5345
87,7	0,3695	0,5455
87,75	0,3895	0,5425
87,8	0,413	0,5315
87,85	0,433	0,504
87,9	0,455	0,4755
87,95	0,474	0,433
88	0,4895	0,383
88,05	0,502	0,324
88,1	0,5125	0,265
88,15	0,516	0,2
88,2	0,52	0,1355
88,25	0,5155	0,0685
88,3	0,51	0,01
88,35	0,497	-0,049
88,4	0,487	-0,101
88,45	0,468	-0,149
88,5	0,448	-0,183
88,55	0,422	-0,211
88,6	0,4	-0,2265
88,65	0,372	-0,234
88,7	0,345	-0,226
88,75	0,3145	-0,2165
88,8	0,291	-0,189
88,85	0,267	-0,159
88,9	0,248	-0,116
88,95	0,228	-0,0645
89	0,2125	-0,006
89,05	0,2045	0,054
89,1	0,201	0,118
89,15	0,197	0,1825
89,2	0,203	0,2445
89,25	0,21	0,303
89,3	0,2255	0,357
89,35	0,243	0,4035
89,4	0,2675	0,448
89,45	0,289	0,478
89,5	0,317	0,503
89,55	0,345	0,514
89,6	0,376	0,5245
89,65	0,4035	0,5155
89,7	0,4365	0,499
89,75	0,4665	0,474
89,8	0,4925	0,4405
89,85	0,517	0,393
89,9	0,5395	0,3435
89,95	0,5535	0,287
90	0,5655	0,229
90,05	0,57	0,1675
90,1	0,5695	0,1085
90,15	0,5625	0,0455
90,2	0,5535	-0,0085
90,25	0,5375	-0,06
90,3	0,516	-0,106
90,35	0,488	-0,1445
90,4	0,461	-0,1755
90,45	0,426	-0,1945
90,5	0,393	-0,203
90,55	0,3575	-0,2035
90,6	0,323	-0,1975
90,65	0,2905	-0,181
90,7	0,2615	-0,153
90,75	0,231	-0,118
90,8	0,203	-0,073
90,85	0,1785	-0,027
90,9	0,164	0,0285
90,95	0,152	0,0865
91	0,15	0,1495
91,05	0,1485	0,2035
91,1	0,1565	0,2645
91,15	0,171	0,316
91,2	0,193	0,366
91,25	0,218	0,406
91,3	0,2465	0,442
91,35	0,279	0,467
91,4	0,3155	0,4855
91,45	0,352	0,493
91,5	0,3925	0,4955
91,55	0,431	0,4815
91,6	0,468	0,462
91,65	0,5045	0,436
91,7	0,5385	0,4
91,75	0,563	0,353
91,8	0,5875	0,306
91,85	0,6025	0,254
91,9	0,6125	0,199
91,95	0,616	0,1415
92	0,615	0,087
92,05	0,602	0,0315
92,1	0,587	-0,0175
92,15	0,562	-0,0635
92,2	0,537	-0,0995
92,25	0,503	-0,1325
92,3	0,4685	-0,152
92,35	0,423	-0,1695
92,4	0,384	-0,1775
92,45	0,34	-0,173
92,5	0,2985	-0,158
92,55	0,255	-0,14
92,6	0,22	-0,112
92,65	0,185	-0,077
92,7	0,157	-0,033
92,75	0,132	0,012
92,8	0,1185	0,0635
92,85	0,107	0,1185
92,9	0,106	0,1725
92,95	0,112	0,2225
93	0,1265	0,2775
93,05	0,1445	0,322
93,1	0,172	0,362
93,15	0,2015	0,3965
93,2	0,238	0,4265
93,25	0,277	0,4455
93,3	0,322	0,4565
93,35	0,368	0,4585
93,4	0,4155	0,4555
93,45	0,462	0,441
93,5	0,5045	0,421
93,55	0,544	0,393
93,6	0,5805	0,3555
93,65	0,611	0,3125
93,7	0,633	0,2685
93,75	0,647	0,218
93,8	0,6525	0,1735
93,85	0,653	0,1215
93,9	0,6485	0,075
93,95	0,635	0,0275
94	0,6135	-0,015
94,05	0,5835	-0,055
94,1	0,55	-0,085
94,15	0,5065	-0,114
94,2	0,458	-0,1275
94,25	0,4085	-0,139
94,3	0,3595	-0,138
94,35	0,3085	-0,1325
94,4	0,2625	-0,1175
94,45	0,217	-0,0995
94,5	0,177	-0,0695
94,55	0,142	-0,0365
94,6	0,1105	0,008
94,65	0,085	0,049
94,7	0,0725	0,0985
94,75	0,0655	0,1425
94,8	0,067	0,189
94,85	0,075	0,2345
94,9	0,0965	0,2785
94,95	0,121	0,316
95	0,157	0,351
95,05	0,1955	0,3745
95,1	0,2425	0,3965
95,15	0,2905	0,4105
95,2	0,3405	0,4185
95,25	0,3925	0,418
95,3	0,4445	0,4115
95,35	0,4935	0,396
95,4	0,5405	0,373
95,45	0,5815	0,3445
95,5	0,621	0,3135
95,55	0,6505	0,272
95,6	0,6745	0,2315
95,65	0,689	0,1875
95,7	0,6975	0,1475
95,75	0,6935	0,103
95,8	0,6825	0,062
95,85	0,6595	0,025
95,9	0,63	-0,005
95,95	0,591	-0,0355
96	0,5485	-0,06
96,05	0,5	-0,0825
96,1	0,445	-0,096
96,15	0,392	-0,099
96,2	0,336	-0,0945
96,25	0,282	-0,0865
96,3	0,2305	-0,0695
96,35	0,181	-0,051
96,4	0,137	-0,019
96,45	0,0985	0,0085
96,5	0,071	0,044
96,55	0,0485	0,0815
96,6	0,037	0,123
96,65	0,033	0,1605
96,7	0,042	0,2005
96,75	0,0555	0,2355
96,8	0,0805	0,2725
96,85	0,1125	0,302
96,9	0,1535	0,3325
96,95	0,1975	0,351
97	0,2495	0,3665
97,05	0,303	0,375
97,1	0,3615	0,381
97,15	0,42	0,3755
97,2	0,479	0,364
97,25	0,5315	0,3475
97,3	0,5815	0,3285
97,35	0,6255	0,301
97,4	0,6645	0,273
97,45	0,6945	0,2385
97,5	0,716	0,2045
97,55	0,7265	0,1695
97,6	0,731	0,1335
97,65	0,7195	0,0985
97,7	0,7005	0,0665
97,75	0,6735	0,035
97,8	0,638	0,0085
97,85	0,5915	-0,016
97,9	0,543	-0,0315
97,95	0,4855	-0,0415
98	0,429	-0,0505
98,05	0,368	-0,052
98,1	0,31	-0,0505
98,15	0,252	-0,039
98,2	0,1955	-0,023
98,25	0,1455	-0,006
98,3	0,1035	0,0205
98,35	0,065	0,0465
98,4	0,0375	0,0775
98,45	0,016	0,11
98,5	0,007	0,1415
98,55	0,0075	0,173
98,6	0,0195	0,203
98,65	0,0395	0,2305
98,7	0,0715	0,257
98,75	0,1095	0,281
98,8	0,157	0,299
98,85	0,2075	0,314
98,9	0,2655	0,3275
98,95	0,327	0,3305
99	0,3885	0,3295
99,05	0,4495	0,325
99,1	0,5105	0,316
99,15	0,566	0,3005
99,2	0,621	0,282
99,25	0,667	0,2585
99,3	0,7055	0,2325
99,35	0,732	0,2075
99,4	0,75	0,1825
99,45	0,7535	0,152
99,5	0,7505	0,1265
99,55	0,7335	0,099
99,6	0,71	0,073
99,65	0,676	0,052
99,7	0,634	0,0355
99,75	0,583	0,0205
99,8	0,53	0,006
99,85	0,469	-0,0035
99,9	0,4035	-0,004
99,95	0,338	-0,005
100	0,2755	0,0045
100,05	0,216	0,017
100,1	0,1585	0,0275
100,15	0,1075	0,0435
100,2	0,065	0,063
100,25	0,027	0,0835
100,3	0,0025	0,1065
100,35	-0,0115	0,1295
100,4	-0,0175	0,1535
100,45	-0,012	0,177
100,5	0,007	0,199
100,55	0,0345	0,22
100,6	0,071	0,2365
100,65	0,1175	0,2515
100,7	0,1695	0,2625
100,75	0,2265	0,2755
100,8	0,289	0,2825
100,85	0,3535	0,282
100,9	0,4205	0,279
100,95	0,4845	0,2725
101	0,544	0,263
101,05	0,6015	0,2515
101,1	0,6545	0,2375
101,15	0,699	0,2215
101,2	0,7335	0,203
101,25	0,757	0,1835
101,3	0,7705	0,169
101,35	0,7705	0,1465
101,4	0,7615	0,1295
101,45	0,74	0,1135
101,5	0,7105	0,098
101,55	0,67	0,0855
101,6	0,6205	0,0735
101,65	0,5645	0,064
101,7	0,5015	0,055
101,75	0,437	0,053
101,8	0,3705	0,0525
101,85	0,305	0,0535
101,9	0,241	0,0595
101,95	0,178	0,0675
102	0,121	0,0775
102,05	0,0725	0,086
102,1	0,0315	0,0975
102,15	0,001	0,113
102,2	-0,021	0,1275
102,25	-0,031	0,143
102,3	-0,031	0,16
102,35	-0,0195	0,1735
102,4	0,0045	0,1845
102,45	0,0355	0,197
102,5	0,078	0,2065
102,55	0,126	0,213
102,6	0,1845	0,219
102,65	0,251	0,223
102,7	0,3165	0,2235
102,75	0,387	0,222
102,8	0,453	0,222
102,85	0,518	0,2195
102,9	0,583	0,212
102,95	0,6395	0,206
103	0,688	0,1945
103,05	0,7265	0,188
103,1	0,758	0,178
103,15	0,7775	0,169
103,2	0,786	0,1595
103,25	0,783	0,149
103,3	0,7655	0,1405
103,35	0,7365	0,132
103,4	0,699	0,1225
103,45	0,654	0,1185
103,5	0,601	0,112
103,55	0,5425	0,11
103,6	0,478	0,1055
103,65	0,413	0,106
103,7	0,3415	0,1075
103,75	0,2745	0,109
103,8	0,208	0,11
103,85	0,148	0,112
103,9	0,0915	0,1145
103,95	0,0445	0,1175
104	0,0085	0,124
104,05	-0,0175	0,1295
104,1	-0,0345	0,136
104,15	-0,0385	0,1435
104,2	-0,0305	0,1495
104,25	-0,0115	0,154
104,3	0,014	0,1575
104,35	0,052	0,1635
104,4	0,097	0,167
104,45	0,154	0,17
104,5	0,2145	0,171
104,55	0,2785	0,1735
104,6	0,3445	0,1715
104,65	0,417	0,171
104,7	0,484	0,17
104,75	0,553	0,171
104,8	0,61	0,1665
104,85	0,663	0,166
104,9	0,7085	0,1635
104,95	0,7435	0,164
105	0,7675	0,1645
105,05	0,7815	0,1655
105,1	0,7825	0,162
105,15	0,775	0,1605
105,2	0,757	0,157
105,25	0,727	0,1555
105,3	0,686	0,1555
105,35	0,6395	0,156
105,4	0,5825	0,1565
105,45	0,52	0,1595
105,5	0,4485	0,1615
105,55	0,3795	0,162
105,6	0,3115	0,1605
105,65	0,2465	0,16
105,7	0,1835	0,155
105,75	0,125	0,1555
105,8	0,074	0,1545
105,85	0,0325	0,1545
105,9	-0,0025	0,15
105,95	-0,024	0,1485
106	-0,036	0,145
106,05	-0,036	0,141
106,1	-0,0235	0,136
106,15	-0,003	0,131
106,2	0,0265	0,126
106,25	0,0695	0,126
106,3	0,118	0,1235
106,35	0,178	0,1215
106,4	0,2385	0,1205
106,45	0,31	0,121
106,5	0,379	0,1195
106,55	0,451	0,12
106,6	0,517	0,1215
106,65	0,58	0,123
106,7	0,635	0,1265
106,75	0,685	0,132
106,8	0,7245	0,139
106,85	0,7565	0,146
106,9	0,7745	0,1505
106,95	0,7845	0,162
107	0,779	0,1715
107,05	0,7665	0,1825
107,1	0,739	0,187
107,15	0,7045	0,1945
107,2	0,6565	0,1995
107,25	0,6055	0,205
107,3	0,5455	0,2085
107,35	0,485	0,2095
107,4	0,4145	0,2085
107,45	0,3485	0,214
107,5	0,278	0,2095
107,55	0,214	0,2095
107,6	0,151	0,204
107,65	0,1015	0,199
107,7	0,054	0,1855
107,75	0,0175	0,1775
107,8	-0,012	0,1635
107,85	-0,0265	0,1515
107,9	-0,034	0,138
107,95	-0,027	0,1285
108	-0,012	0,1135
108,05	0,0165	0,1025
108,1	0,051	0,089
108,15	0,0995	0,0805
108,2	0,151	0,072
108,25	0,2135	0,0675
108,3	0,2745	0,0635
108,35	0,343	0,0625
108,4	0,4085	0,062
108,45	0,477	0,0665
108,5	0,5405	0,0735
108,55	0,5975	0,0845
108,6	0,649	0,092
108,65	0,6945	0,107
108,7	0,7305	0,1195
108,75	0,757	0,1365
108,8	0,771	0,1505
108,85	0,774	0,169
108,9	0,763	0,184
108,95	0,7475	0,202
109	0,719	0,2205
109,05	0,6775	0,2355
109,1	0,63	0,244
109,15	0,5765	0,2585
109,2	0,516	0,2615
109,25	0,4535	0,268
109,3	0,383	0,2675
109,35	0,3195	0,265
109,4	0,255	0,259
109,45	0,1945	0,2505
109,5	0,138	0,238
109,55	0,0885	0,224
109,6	0,0475	0,207
109,65	0,016	0,191
109,7	-0,009	0,1665
109,75	-0,0165	0,147
109,8	-0,0175	0,1235
109,85	-0,007	0,1015
109,9	0,0125	0,081
109,95	0,044	0,063
110	0,085	0,046
110,05	0,1335	0,036
110,1	0,1835	0,0235
110,15	0,245	0,0155
110,2	0,3045	0,0105
110,25	0,371	0,0115
110,3	0,437	0,0125
110,35	0,5005	0,0225
110,4	0,556	0,0345
110,45	0,612	0,051
110,5	0,6575	0,0675
110,55	0,6975	0,0855
110,6	0,727	0,1055
110,65	0,7485	0,1345
110,7	0,7555	0,159
110,75	0,7535	0,184
110,8	0,7405	0,2065
110,85	0,7165	0,2315
110,9	0,6845	0,2555
110,95	0,645	0,2775
111	0,5945	0,292
111,05	0,539	0,3065
111,1	0,48	0,313
111,15	0,4195	0,317
111,2	0,353	0,3135
111,25	0,2925	0,31
111,3	0,2335	0,2985
111,35	0,178	0,285
111,4	0,1275	0,2625
111,45	0,085	0,2455
111,5	0,0485	0,2205
111,55	0,024	0,1935
111,6	0,006	0,1635
111,65	0,0025	0,134
111,7	0,005	0,1025
111,75	0,0215	0,075
111,8	0,041	0,0465
111,85	0,076	0,023
111,9	0,117	0,0005
111,95	0,167	-0,015
112	0,219	-0,0285
112,05	0,279	-0,036
112,1	0,337	-0,041
112,15	0,399	-0,0355
112,2	0,461	-0,028
112,25	0,52	-0,0135
112,3	0,5715	0,001
112,35	0,6195	0,0285
112,4	0,6575	0,0505
112,45	0,6925	0,0805
112,5	0,7135	0,1085
112,55	0,725	0,1485
112,6	0,728	0,1805
112,65	0,7235	0,217
112,7	0,708	0,2445
112,75	0,6825	0,274
112,8	0,6475	0,296
112,85	0,6105	0,3195
112,9	0,5595	0,3385
112,95	0,508	0,3545
113	0,448	0,3605
113,05	0,3925	0,3635
113,1	0,3315	0,358
113,15	0,2745	0,35
113,2	0,2195	0,331
113,25	0,1715	0,3145
113,3	0,1265	0,2885
113,35	0,092	0,2605
113,4	0,062	0,225
113,45	0,044	0,1925
113,5	0,034	0,1495
113,55	0,0335	0,113
113,6	0,0425	0,075
113,65	0,059	0,0445
113,7	0,0835	0,0095
113,75	0,1195	-0,018
113,8	0,1605	-0,0455
113,85	0,209	-0,0605
113,9	0,2575	-0,077
113,95	0,3135	-0,079
114	0,3695	-0,081
114,05	0,429	-0,0735
114,1	0,4805	-0,0625
114,15	0,533	-0,0425
114,2	0,5785	-0,022
114,25	0,6165	0,008
114,3	0,6485	0,043
114,35	0,677	0,081
114,4	0,693	0,1185
114,45	0,703	0,162
114,5	0,6985	0,2025
114,55	0,6885	0,242
114,6	0,667	0,2795
114,65	0,643	0,3165
114,7	0,6045	0,3425
114,75	0,565	0,369
114,8	0,5175	0,3875
114,85	0,4685	0,4005
114,9	0,413	0,4065
114,95	0,3615	0,408
115	0,308	0,3965
115,05	0,258	0,383
115,1	0,2085	0,358
115,15	0,1695	0,3315
115,2	0,1335	0,2985
115,25	0,105	0,2625
115,3	0,0805	0,22
115,35	0,0675	0,178
115,4	0,06	0,1305
115,45	0,064	0,087
115,5	0,0765	0,0435
115,55	0,0975	0,0045
115,6	0,123	-0,0345
115,65	0,16	-0,063
115,7	0,198	-0,091
115,75	0,2445	-0,107
115,8	0,2885	-0,1205
115,85	0,339	-0,1235
115,9	0,3875	-0,123
115,95	0,439	-0,109
116	0,4835	-0,0915
116,05	0,5295	-0,065
116,1	0,5675	-0,036
116,15	0,6035	0,002
116,2	0,6295	0,0415
116,25	0,6485	0,0875
116,3	0,6595	0,1375
116,35	0,6635	0,185
116,4	0,6565	0,231
116,45	0,647	0,278
116,5	0,6245	0,3185
116,55	0,5985	0,36
116,6	0,5605	0,386
116,65	0,5245	0,413
116,7	0,481	0,431
116,75	0,4365	0,4425
116,8	0,3885	0,4435
116,85	0,3435	0,443
116,9	0,297	0,429
116,95	0,255	0,408
117	0,216	0,3745
117,05	0,1835	0,341
117,1	0,152	0,2995
117,15	0,1295	0,2555
117,2	0,113	0,206
117,25	0,1035	0,156
117,3	0,101	0,1025
117,35	0,107	0,055
117,4	0,1195	0,0075
117,45	0,139	-0,0335
117,5	0,167	-0,0745
117,55	0,2005	-0,104
117,6	0,235	-0,1345
117,65	0,2765	-0,1545
117,7	0,316	-0,166
117,75	0,361	-0,1625
117,8	0,4045	-0,1575
117,85	0,449	-0,137
117,9	0,4865	-0,1165
117,95	0,5235	-0,081
118	0,556	-0,043
118,05	0,584	0,0055
118,1	0,601	0,0525
118,15	0,615	0,106
118,2	0,6195	0,1575
118,25	0,6215	0,212
118,3	0,6115	0,2655
118,35	0,6	0,3135
118,4	0,579	0,359
118,45	0,5555	0,4015
118,5	0,5225	0,43
118,55	0,4865	0,4565
118,6	0,448	0,472
118,65	0,4105	0,4825
118,7	0,369	0,4765
118,75	0,332	0,468
118,8	0,292	0,4465
118,85	0,259	0,422
118,9	0,2245	0,386
118,95	0,1975	0,3415
119	0,174	0,292
119,05	0,159	0,243
119,1	0,1485	0,186
119,15	0,1445	0,1305
119,2	0,145	0,073
119,25	0,1545	0,0215
119,3	0,169	-0,0305
119,35	0,1875	-0,0775
119,4	0,2115	-0,118
119,45	0,242	-0,145
119,5	0,274	-0,173
119,55	0,3055	-0,188
119,6	0,3405	-0,1955
119,65	0,38	-0,19
119,7	0,413	-0,178
119,75	0,45	-0,153
119,8	0,48	-0,1255
119,85	0,509	-0,085
119,9	0,529	-0,039
119,95	0,5485	0,0145
120	0,564	0,069
120,05	0,5755	0,128
120,1	0,576	0,187
120,15	0,573	0,245
120,2	0,5635	0,2975
120,25	0,5525	0,353
120,3	0,5325	0,402
120,35	0,5105	0,44
120,4	0,483	0,4685
120,45	0,455	0,494
120,5	0,42	0,502
120,55	0,3905	0,51
120,6	0,356	0,504
120,65	0,3255	0,488
120,7	0,294	0,4615
120,75	0,271	0,4265
120,8	0,245	0,382
120,85	0,227	0,333
120,9	0,2065	0,277
120,95	0,198	0,2215
121	0,1925	0,1595
121,05	0,193	0,1
121,1	0,1955	0,039
121,15	0,2065	-0,0135
121,2	0,2155	-0,0675
121,25	0,2355	-0,1125
121,3	0,2545	-0,156
121,35	0,2825	-0,184
121,4	0,307	-0,207
121,45	0,3365	-0,218
121,5	0,3615	-0,2205
121,55	0,3915	-0,2075
121,6	0,4165	-0,1915
121,65	0,4435	-0,16
121,7	0,465	-0,1265
121,75	0,4855	-0,077
121,8	0,5005	-0,0255
121,85	0,5145	0,0375
121,9	0,5205	0,094
121,95	0,5285	0,158
122	0,527	0,2155
122,05	0,5215	0,2775
122,1	0,5125	0,335
122,15	0,5045	0,3895
122,2	0,4875	0,4325
122,25	0,469	0,4725
122,3	0,445	0,5035
122,35	0,42	0,5255
122,4	0,396	0,5335
122,45	0,375	0,5315
122,5	0,353	0,5155
122,55	0,331	0,4985
122,6	0,308	0,4635
122,65	0,2895	0,4225
122,7	0,2725	0,373
122,75	0,26	0,32
122,8	0,2505	0,258
122,85	0,245	0,197
122,9	0,2385	0,1295
122,95	0,24	0,071
123	0,243	0,007
123,05	0,2515	-0,0485
123,1	0,2655	-0,1
123,15	0,2795	-0,1475
123,2	0,2945	-0,1865
123,25	0,312	-0,2115
123,3	0,3295	-0,233
123,35	0,349	-0,24
123,4	0,369	-0,2375
123,45	0,3915	-0,222
123,5	0,4075	-0,1975
123,55	0,427	-0,1585
123,6	0,4385	-0,1165
123,65	0,4525	-0,0635
123,7	0,46	-0,008
123,75	0,468	0,057
123,8	0,4735	0,1175
123,85	0,477	0,186
123,9	0,472	0,2485
123,95	0,469	0,3105
124	0,4665	0,3675
124,05	0,4585	0,4205
124,1	0,4455	0,4635
124,15	0,431	0,502
124,2	0,4145	0,527
124,25	0,401	0,5435
124,3	0,3845	0,5455
124,35	0,3705	0,5405
124,4	0,355	0,521
124,45	0,341	0,493
124,5	0,3275	0,4555
124,55	0,3165	0,4135
124,6	0,306	0,3555
124,65	0,2985	0,296
124,7	0,295	0,2345
124,75	0,2915	0,1695
124,8	0,293	0,1015
124,85	0,2965	0,0385
124,9	0,3015	-0,025
124,95	0,3055	-0,0795
125	0,3105	-0,1315
125,05	0,3205	-0,1765
125,1	0,3305	-0,2125
125,15	0,3415	-0,2345
125,2	0,3505	-0,2475
125,25	0,3635	-0,249
125,3	0,3715	-0,2395
125,35	0,3845	-0,218
125,4	0,395	-0,1865
125,45	0,404	-0,1455
125,5	0,4105	-0,1005
125,55	0,417	-0,0435
125,6	0,4185	0,015
125,65	0,423	0,083
125,7	0,425	0,1505
125,75	0,4265	0,217
125,8	0,423	0,2805
125,85	0,4215	0,3435
125,9	0,4175	0,3995
125,95	0,4135	0,449
126	0,406	0,49
126,05	0,4015	0,5245
126,1	0,3935	0,545
126,15	0,3895	0,556
126,2	0,381	0,554
126,25	0,375	0,542
126,3	0,366	0,521
126,35	0,363	0,4875
126,4	0,3595	0,44
126,45	0,356	0,3915
126,5	0,3505	0,334
126,55	0,3505	0,271
126,6	0,348	0,2045
126,65	0,348	0,1385
126,7	0,347	0,0695
126,75	0,3465	0,005
126,8	0,345	-0,055
126,85	0,349	-0,109
126,9	0,35	-0,1575
126,95	0,3535	-0,195
127	0,356	-0,224
127,05	0,357	-0,245
127,1	0,3575	-0,2555
127,15	0,362	-0,2505
127,2	0,362	-0,2345
127,25	0,3635	-0,208
127,3	0,363	-0,1715
127,35	0,365	-0,1265
127,4	0,3645	-0,075
127,45	0,366	-0,017
127,5	0,3645	0,044
127,55	0,365	0,1095
127,6	0,3695	0,177
127,65	0,3705	0,2455
127,7	0,3685	0,311
127,75	0,3695	0,3695
127,8	0,3715	0,4205
127,85	0,3745	0,467
127,9	0,3755	0,504
127,95	0,3785	0,533
128	0,38	0,5485
128,05	0,384	0,5545
128,1	0,386	0,55
128,15	0,39	0,535
128,2	0,3895	0,5055
128,25	0,393	0,4685
128,3	0,3935	0,419
128,35	0,3975	0,367
128,4	0,399	0,304
128,45	0,4005	0,2425
128,5	0,401	0,1745
128,55	0,4015	0,108
128,6	0,3995	0,0385
128,65	0,397	-0,026
128,7	0,393	-0,084
128,75	0,3865	-0,1335
128,8	0,383	-0,178
128,85	0,381	-0,212
128,9	0,376	-0,233
128,95	0,3685	-0,248
129	0,362	-0,252
129,05	0,358	-0,2415
129,1	0,3505	-0,2215
129,15	0,3395	-0,1905
129,2	0,33	-0,1525
129,25	0,327	-0,1015
129,3	0,3185	-0,0495
129,35	0,314	0,0155
129,4	0,313	0,08
129,45	0,312	0,146
129,5	0,314	0,21
129,55	0,318	0,2755
129,6	0,3225	0,335
129,65	0,332	0,392
129,7	0,34	0,4395
129,75	0,3475	0,4805
129,8	0,3535	0,5125
129,85	0,362	0,538
129,9	0,373	0,5475
129,95	0,384	0,5455
130	0,3975	0,535
130,05	0,4065	0,5115
130,1	0,4175	0,483
130,15	0,4285	0,4405
130,2	0,437	0,391
130,25	0,4445	0,3335
130,3	0,45	0,2715
130,35	0,453	0,211
130,4	0,4545	0,1445
130,45	0,4515	0,077
130,5	0,4495	0,0115
130,55	0,4445	-0,048
130,6	0,434	-0,1025
130,65	0,4225	-0,1455
130,7	0,412	-0,186
130,75	0,3985	-0,2145
130,8	0,3845	-0,234
130,85	0,369	-0,24
130,9	0,352	-0,235
130,95	0,335	-0,2245
131	0,3205	-0,1985
131,05	0,307	-0,166
131,1	0,298	-0,123
131,15	0,287	-0,075
131,2	0,2765	-0,017
131,25	0,268	0,0465
131,3	0,265	0,109
131,35	0,2635	0,173
131,4	0,267	0,237
131,45	0,2715	0,3005
131,5	0,28	0,36
131,55	0,291	0,4085
131,6	0,304	0,4535
131,65	0,3195	0,49
131,7	0,337	0,517
131,75	0,3575	0,5345
131,8	0,379	0,5365
131,85	0,399	0,5285
131,9	0,4175	0,512
131,95	0,436	0,4845
132	0,456	0,45
132,05	0,4705	0,407
132,1	0,4855	0,3535
132,15	0,495	0,297
132,2	0,502	0,2365
132,25	0,5055	0,175
132,3	0,5065	0,113
132,35	0,5035	0,0485
132,4	0,4955	-0,0125
132,45	0,484	-0,0625
132,5	0,473	-0,111
132,55	0,4545	-0,1555
132,6	0,435	-0,188
132,65	0,4135	-0,2105
132,7	0,388	-0,2235
132,75	0,365	-0,224
132,8	0,3415	-0,213
132,85	0,314	-0,1965
132,9	0,29	-0,1675
132,95	0,266	-0,135
133	0,2495	-0,086
133,05	0,234	-0,0385
133,1	0,2215	0,0195
133,15	0,2165	0,0775
133,2	0,212	0,14
133,25	0,211	0,1995
133,3	0,217	0,261
133,35	0,2215	0,3195
133,4	0,2355	0,372
133,45	0,253	0,415
133,5	0,2785	0,4535
133,55	0,301	0,4805
133,6	0,328	0,501
133,65	0,3535	0,5095
133,7	0,3825	0,511
133,75	0,408	0,5015
133,8	0,438	0,482
133,85	0,465	0,451
133,9	0,4915	0,416
133,95	0,5115	0,37
134	0,53	0,3205
134,05	0,5445	0,266
134,1	0,5525	0,209
134,15	0,5535	0,1445
134,2	0,5525	0,087
134,25	0,546	0,028
134,3	0,535	-0,0225
134,35	0,514	-0,0715
134,4	0,494	-0,113
134,45	0,468	-0,1495
134,5	0,4395	-0,178
134,55	0,411	-0,193
134,6	0,3825	-0,2
134,65	0,35	-0,201
134,7	0,318	-0,1845
134,75	0,2855	-0,164
134,8	0,2545	-0,134
134,85	0,2275	-0,097
134,9	0,2055	-0,0525
134,95	0,1845	-0,0025
135	0,1735	0,0525
135,05	0,1655	0,107
135,1	0,1635	0,1665
135,15	0,167	0,225
135,2	0,1795	0,28
135,25	0,192	0,332
135,3	0,2145	0,3785
135,35	0,2355	0,4165
135,4	0,2655	0,447
135,45	0,294	0,4675
135,5	0,3285	0,485
135,55	0,3655	0,491
135,6	0,4055	0,487
135,65	0,4395	0,469
135,7	0,4775	0,4465
135,75	0,5085	0,4145
135,8	0,539	0,38
135,85	0,5635	0,334
135,9	0,583	0,288
135,95	0,5945	0,2325
136	0,6025	0,1785
136,05	0,602	0,123
136,1	0,5975	0,068
136,15	0,5825	0,0165
136,2	0,5665	-0,0285
136,25	0,5435	-0,072
136,3	0,514	-0,1085
136,35	0,4835	-0,139
136,4	0,449	-0,155
136,45	0,4085	-0,164
136,5	0,368	-0,1655
136,55	0,3255	-0,1615
136,6	0,29	-0,145
136,65	0,2525	-0,125
136,7	0,218	-0,0935
136,75	0,1865	-0,0595
136,8	0,163	-0,0155
136,85	0,1405	0,033
136,9	0,128	0,084
136,95	0,1205	0,135
137	0,1205	0,1905
137,05	0,128	0,2425
137,1	0,1415	0,291
137,15	0,1635	0,332
137,2	0,1925	0,3725
137,25	0,2235	0,404
137,3	0,26	0,43
137,35	0,2985	0,447
137,4	0,342	0,452
137,45	0,3865	0,454
137,5	0,4285	0,447
137,55	0,4715	0,429
137,6	0,512	0,4085
137,65	0,5475	0,375
137,7	0,5795	0,339
137,75	0,6035	0,296
137,8	0,625	0,25
137,85	0,637	0,2005
137,9	0,642	0,1525
137,95	0,6375	0,101
138	0,63	0,0555
138,05	0,6145	0,0075
138,1	0,592	-0,032
138,15	0,561	-0,0695
138,2	0,5275	-0,095
138,25	0,4835	-0,1165
138,3	0,4415	-0,128
138,35	0,3975	-0,136
138,4	0,349	-0,1335
138,45	0,3005	-0,124
138,5	0,255	-0,1045
138,55	0,2145	-0,084
138,6	0,1775	-0,0525
138,65	0,142	-0,017
138,7	0,1175	0,02
138,75	0,0965	0,0635
138,8	0,0875	0,1135
138,85	0,0815	0,16
138,9	0,085	0,2075
138,95	0,096	0,2505
139	0,116	0,291
139,05	0,142	0,3255
139,1	0,179	0,358
139,15	0,217	0,385
139,2	0,262	0,4065
139,25	0,307	0,4135
139,3	0,3595	0,419
139,35	0,409	0,416
139,4	0,461	0,407
139,45	0,5065	0,3895
139,5	0,5505	0,365
139,55	0,5915	0,3295
139,6	0,625	0,2965
139,65	0,65	0,2585
139,7	0,6695	0,2185
139,75	0,6775	0,174
139,8	0,68	0,132
139,85	0,6735	0,087
139,9	0,659	0,0485
139,95	0,6335	0,01
140	0,6045	-0,0195
140,05	0,5675	-0,0475
140,1	0,5275	-0,0695
140,15	0,4785	-0,086
140,2	0,428	-0,0935
140,25	0,3745	-0,0985
140,3	0,3245	-0,09
140,35	0,27	-0,0795
140,4	0,2205	-0,0615
140,45	0,1745	-0,0395
140,5	0,1385	-0,0085
140,55	0,1025	0,021
140,6	0,077	0,0575
140,65	0,0555	0,0935
140,7	0,0495	0,138
140,75	0,049	0,177
140,8	0,062	0,217
140,85	0,079	0,252
140,9	0,1045	0,288
140,95	0,135	0,316
141	0,176	0,3385
141,05	0,218	0,3565
141,1	0,2695	0,371
141,15	0,3245	0,3735
141,2	0,383	0,3775
141,25	0,439	0,3695
141,3	0,495	0,3585
141,35	0,5435	0,337
141,4	0,589	0,319
141,45	0,6265	0,289
141,5	0,6635	0,259
141,55	0,6885	0,2235
141,6	0,707	0,191
141,65	0,713	0,1545
141,7	0,714	0,119
141,75	0,6985	0,081
141,8	0,679	0,053
141,85	0,6485	0,0245
141,9	0,612	0,0005
141,95	0,5665	-0,025
142	0,516	-0,0385
142,05	0,46	-0,0495
142,1	0,4045	-0,052
142,15	0,345	-0,052
142,2	0,2905	-0,0445
142,25	0,2345	-0,0345
142,3	0,184	-0,017
142,35	0,1365	0,0035
142,4	0,0995	0,03
142,45	0,0645	0,0565
142,5	0,0405	0,0865
142,55	0,0265	0,118
142,6	0,023	0,153
142,65	0,026	0,1835
142,7	0,0415	0,216
142,75	0,063	0,242
142,8	0,0935	0,2655
142,85	0,1315	0,288
142,9	0,18	0,3095
142,95	0,2325	0,3195
143	0,292	0,3295
143,05	0,3505	0,3305
143,1	0,4125	0,3305
143,15	0,471	0,322
143,2	0,5285	0,3115
143,25	0,577	0,291
143,3	0,6235	0,27
143,35	0,663	0,25
143,4	0,6975	0,2275
143,45	0,719	0,201
143,5	0,7335	0,176
143,55	0,7355	0,1435
143,6	0,7295	0,1185
143,65	0,708	0,0895
143,7	0,685	0,068
143,75	0,649	0,0425
143,8	0,6065	0,0245
143,85	0,555	0,0115
143,9	0,503	0,001
143,95	0,442	-0,0075
144	0,3815	-0,0075
144,05	0,319	-0,0045
144,1	0,2605	0,003
144,15	0,2005	0,014
144,2	0,149	0,032
144,25	0,101	0,046
144,3	0,0625	0,069
144,35	0,0335	0,0875
144,4	0,013	0,116
144,45	0	0,1355
144,5	0,002	0,1595
144,55	0,0085	0,179
144,6	0,029	0,206
144,65	0,0575	0,2235
144,7	0,096	0,241
144,75	0,1385	0,2565
144,8	0,194	0,27
144,85	0,2515	0,276
144,9	0,3125	0,281
144,95	0,3745	0,2805
145	0,4405	0,2835
145,05	0,4995	0,2715
145,1	0,5585	0,265
145,15	0,6095	0,251
145,2	0,658	0,235
145,25	0,696	0,2125
145,3	0,7275	0,195
145,35	0,745	0,1725
145,4	0,7545	0,1565
145,45	0,751	0,135
145,5	0,74	0,119
145,55	0,7165	0,099
145,6	0,6865	0,0835
145,65	0,645	0,0675
145,7	0,5975	0,0595
145,75	0,538	0,0525
145,8	0,4805	0,05
145,85	0,413	0,043
145,9	0,351	0,046
145,95	0,286	0,0465
146	0,2255	0,0565
146,05	0,1675	0,0625
146,1	0,1175	0,0735
146,15	0,07	0,0855
146,2	0,033	0,0985
146,25	0,005	0,112
146,3	-0,009	0,129
146,35	-0,0165	0,146
146,4	-0,015	0,1635
146,45	-0,002	0,174
146,5	0,0275	0,191
146,55	0,06	0,201
146,6	0,104	0,2155
146,65	0,155	0,2235
146,7	0,214	0,228
146,75	0,2745	0,229
146,8	0,3425	0,2315
146,85	0,406	0,2295
146,9	0,4735	0,228
146,95	0,533	0,2215
147	0,591	0,218
147,05	0,6425	0,206
147,1	0,688	0,1975
147,15	0,723	0,1825
147,2	0,75	0,177
147,25	0,7635	0,1625
147,3	0,767	0,1535
147,35	0,762	0,14
147,4	0,7475	0,13
147,45	0,7175	0,1185
147,5	0,6815	0,1145
147,55	0,634	0,1035
147,6	0,581	0,1015
147,65	0,5185	0,0965
147,7	0,457	0,0935
147,75	0,388	0,094
147,8	0,3225	0,098
147,85	0,2545	0,102
147,9	0,1955	0,1055
147,95	0,1375	0,1055
148	0,0895	0,1145
148,05	0,046	0,1205
148,1	0,014	0,128
148,15	-0,0105	0,1315
148,2	-0,019	0,142
148,25	-0,022	0,1485
148,3	-0,0105	0,155
148,35	0,007	0,158
148,4	0,0375	0,1685
148,45	0,0775	0,1715
148,5	0,128	0,176
148,55	0,182	0,1745
148,6	0,245	0,1765
148,65	0,308	0,177
148,7	0,3745	0,178
148,75	0,4415	0,1785
148,8	0,507	0,1765
148,85	0,5655	0,172
148,9	0,623	0,1725
148,95	0,67	0,1675
149	0,7115	0,1675
149,05	0,74	0,1615
149,1	0,764	0,164
149,15	0,7725	0,1555
149,2	0,7735	0,1555
149,25	0,759	0,15
149,3	0,7375	0,1525
149,35	0,7035	0,1495
149,4	0,6625	0,149
149,45	0,609	0,149
149,5	0,5535	0,1515
149,55	0,488	0,1505
149,6	0,423	0,1505
149,65	0,354	0,147
149,7	0,287	0,148
149,75	0,224	0,147
149,8	0,164	0,1525
149,85	0,1095	0,1515
149,9	0,064	0,153
149,95	0,0235	0,1485
150	0,002	0,1475
150,05	-0,016	0,14
150,1	-0,0215	0,143
150,15	-0,0165	0,1405
150,2	0	0,139
150,25	0,022	0,138
150,3	0,0565	0,1355
150,35	0,0975	0,131
150,4	0,149	0,13
150,45	0,2075	0,1265
150,5	0,2705	0,1275
150,55	0,333	0,126
150,6	0,401	0,1265
150,65	0,466	0,127
150,7	0,5295	0,127
150,75	0,5885	0,1275
150,8	0,643	0,1345
150,85	0,6905	0,1375
150,9	0,727	0,144
150,95	0,7515	0,1475
151	0,769	0,1535
151,05	0,776	0,1585
151,1	0,772	0,166
151,15	0,7505	0,1715
151,2	0,724	0,179
151,25	0,683	0,1855
151,3	0,6365	0,189
151,35	0,582	0,195
151,4	0,522	0,2005
151,45	0,46	0,2015
151,5	0,394	0,2
151,55	0,326	0,2015
151,6	0,263	0,199
151,65	0,1995	0,192
151,7	0,144	0,188
151,75	0,093	0,1805
151,8	0,051	0,172
151,85	0,0165	0,164
151,9	-0,006	0,156
151,95	-0,018	0,144
152	-0,023	0,1355
152,05	-0,015	0,1225
152,1	0,005	0,113
152,15	0,034	0,104
152,2	0,075	0,0985
152,25	0,123	0,087
152,3	0,1785	0,0795
152,35	0,2365	0,0725
152,4	0,3015	0,072
152,45	0,366	0,071
152,5	0,4315	0,074
152,55	0,494	0,078
152,6	0,554	0,0845
152,65	0,611	0,0915
152,7	0,6625	0,104
152,75	0,701	0,1155
152,8	0,7295	0,128
152,85	0,749	0,143
152,9	0,761	0,1565
152,95	0,7615	0,172
153	0,75	0,1885
153,05	0,7275	0,2015
153,1	0,6955	0,2175
153,15	0,654	0,2285
153,2	0,6075	0,24
153,25	0,551	0,2435
153,3	0,491	0,251
153,35	0,429	0,252
153,4	0,3645	0,253
153,45	0,2975	0,2505
153,5	0,2375	0,2455
153,55	0,179	0,233
153,6	0,1295	0,2245
153,65	0,084	0,2115
153,7	0,046	0,1965
153,75	0,019	0,1755
153,8	0,001	0,1605
153,85	-0,008	0,1415
153,9	-0,004	0,1225
153,95	0,01	0,104
154	0,033	0,083
154,05	0,065	0,0655
154,1	0,106	0,051
154,15	0,1585	0,0425
154,2	0,2155	0,0315
154,25	0,274	0,0245
154,3	0,335	0,0205
154,35	0,3975	0,023
154,4	0,46	0,026
154,45	0,517	0,036
154,5	0,571	0,046
154,55	0,623	0,0605
154,6	0,668	0,078
154,65	0,7015	0,0995
154,7	0,7275	0,124
154,75	0,7435	0,1435
154,8	0,747	0,1685
154,85	0,741	0,1945
154,9	0,726	0,2125
154,95	0,6995	0,2355
155	0,6655	0,257
155,05	0,6235	0,2725
155,1	0,5745	0,2835
155,15	0,519	0,296
155,2	0,4605	0,3005
155,25	0,3985	0,3025
155,3	0,335	0,298
155,35	0,275	0,2925
155,4	0,2185	0,2835
155,45	0,164	0,269
155,5	0,115	0,2505
155,55	0,076	0,227
155,6	0,046	0,205
155,65	0,026	0,179
155,7	0,014	0,151
155,75	0,011	0,123
155,8	0,019	0,097
155,85	0,0345	0,072
155,9	0,059	0,049
155,95	0,095	0,0255
156	0,1375	0,0055
156,05	0,189	-0,0085
156,1	0,243	-0,0205
156,15	0,3035	-0,026
156,2	0,362	-0,028
156,25	0,42	-0,0235
156,3	0,478	-0,014
156,35	0,533	0,0035
156,4	0,582	0,018
156,45	0,626	0,042
156,5	0,665	0,0655
156,55	0,6965	0,0945
156,6	0,713	0,125
156,65	0,724	0,1535
156,7	0,7265	0,187
156,75	0,7175	0,217
156,8	0,695	0,2475
156,85	0,6655	0,273
156,9	0,625	0,297
156,95	0,585	0,319
157	0,5325	0,3355
157,05	0,4805	0,3455
157,1	0,423	0,35
157,15	0,3665	0,349
157,2	0,308	0,343
157,25	0,256	0,332
157,3	0,2025	0,3165
157,35	0,1575	0,295
157,4	0,119	0,267
157,45	0,0855	0,2375
157,5	0,059	0,205
157,55	0,044	0,176
157,6	0,0345	0,138
157,65	0,0385	0,1035
157,7	0,048	0,069
157,75	0,072	0,037
157,8	0,1	0,006
157,85	0,1385	-0,0165
157,9	0,1795	-0,041
157,95	0,229	-0,055
158	0,2765	-0,0655
158,05	0,3335	-0,0705
158,1	0,3845	-0,07
158,15	0,444	-0,0625
158,2	0,4935	-0,049
158,25	0,5425	-0,031
158,3	0,5835	-0,007
158,35	0,623	0,025
158,4	0,654	0,057
158,45	0,677	0,094
158,5	0,6885	0,1345
158,55	0,6935	0,172
158,6	0,6875	0,2095
158,65	0,6745	0,2485
158,7	0,654	0,2815
158,75	0,626	0,315
158,8	0,5905	0,3405
158,85	0,548	0,3625
158,9	0,4995	0,3765
158,95	0,4505	0,389
159	0,399	0,395
159,05	0,3455	0,394
159,1	0,296	0,3825
159,15	0,2465	0,365
159,2	0,202	0,341
159,25	0,1615	0,3125
159,3	0,125	0,278
159,35	0,097	0,2415
159,4	0,076	0,197
159,45	0,066	0,16
159,5	0,064	0,116
159,55	0,073	0,074
159,6	0,087	0,032
159,65	0,108	-0,0035
159,7	0,136	-0,037
159,75	0,173	-0,0635
159,8	0,214	-0,0875
159,85	0,2635	-0,101
159,9	0,3115	-0,112
159,95	0,3625	-0,113
160	0,4085	-0,107
160,05	0,4555	-0,094
160,1	0,5015	-0,0755
160,15	0,545	-0,049
160,2	0,581	-0,0185
160,25	0,61	0,023
160,3	0,631	0,0655
160,35	0,6505	0,11
160,4	0,6585	0,155
160,45	0,659	0,1985
160,5	0,6525	0,24
160,55	0,6395	0,283
160,6	0,6135	0,3205
160,65	0,5835	0,356
160,7	0,5465	0,3835
160,75	0,5095	0,4085
160,8	0,4655	0,4235
160,85	0,4225	0,43
160,9	0,3735	0,4305
160,95	0,3295	0,424
161	0,2845	0,407
161,05	0,2445	0,386
161,1	0,205	0,353
161,15	0,17	0,3185
161,2	0,142	0,2775
161,25	0,124	0,233
161,3	0,109	0,184
161,35	0,1045	0,1385
161,4	0,1055	0,09
161,45	0,1145	0,0425
161,5	0,1305	-0,003
161,55	0,154	-0,0415
161,6	0,1805	-0,079
161,65	0,216	-0,106
161,7	0,254	-0,124
161,75	0,2955	-0,1395
161,8	0,338	-0,1465
161,85	0,3825	-0,142
161,9	0,423	-0,135
161,95	0,466	-0,1155
162	0,501	-0,0915
162,05	0,537	-0,056
162,1	0,5645	-0,0195
