MIN=0	-1	-1
MAX=113,137084989848	1	1
SCALE=113,137084989848	0,5	0,5
DEC=2	3	3
DEF="Zeit" t / s	"Spannung" U_A1 / V	"Spannung" U_B1 / V
0	0,11	0,161
0,05	0,0615	0,1655
0,1	0,019	0,1695
0,15	-0,0155	0,177
0,2	-0,045	0,183
0,25	-0,063	0,1915
0,3	-0,071	0,2025
0,35	-0,071	0,213
0,4	-0,061	0,224
0,45	-0,04	0,2345
0,5	-0,013	0,2435
0,55	0,0255	0,2525
0,6	0,0725	0,264
0,65	0,1255	0,273
0,7	0,1795	0,2805
0,75	0,237	0,285
0,8	0,2935	0,291
0,85	0,3485	0,3005
0,9	0,401	0,301
0,95	0,45	0,3075
1	0,491	0,3145
1,05	0,525	0,323
1,1	0,547	0,33
1,15	0,5605	0,3375
1,2	0,5655	0,342
1,25	0,5595	0,349
1,3	0,544	0,354
1,35	0,521	0,359
1,4	0,485	0,3655
1,45	0,443	0,366
1,5	0,3955	0,3665
1,55	0,345	0,363
1,6	0,2895	0,357
1,65	0,236	0,349
1,7	0,182	0,3405
1,75	0,132	0,327
1,8	0,084	0,3095
1,85	0,04	0,292
1,9	0,0035	0,273
1,95	-0,021	0,2515
2	-0,0395	0,2265
2,05	-0,05	0,2025
2,1	-0,0495	0,181
2,15	-0,04	0,1605
2,2	-0,02	0,138
2,25	0,008	0,1215
2,3	0,0395	0,105
2,35	0,077	0,0955
2,4	0,1205	0,0895
2,45	0,167	0,092
2,5	0,218	0,1015
2,55	0,264	0,1105
2,6	0,3115	0,1295
2,65	0,353	0,154
2,7	0,391	0,18
2,75	0,426	0,2105
2,8	0,4545	0,2445
2,85	0,474	0,282
2,9	0,486	0,3165
2,95	0,49	0,3555
3	0,487	0,3965
3,05	0,475	0,4295
3,1	0,457	0,459
3,15	0,433	0,4825
3,2	0,404	0,501
3,25	0,373	0,5125
3,3	0,3395	0,518
3,35	0,3005	0,5165
3,4	0,2655	0,5065
3,45	0,23	0,4905
3,5	0,1955	0,4655
3,55	0,163	0,4345
3,6	0,136	0,396
3,65	0,1155	0,3535
3,7	0,097	0,308
3,75	0,0825	0,2595
3,8	0,0755	0,2105
3,85	0,071	0,1625
3,9	0,0745	0,118
3,95	0,082	0,0755
4	0,0955	0,041
4,05	0,1095	0,009
4,1	0,131	-0,01
4,15	0,1505	-0,023
4,2	0,1705	-0,023
4,25	0,194	-0,017
4,3	0,2195	-0,0005
4,35	0,236	0,021
4,4	0,2565	0,058
4,45	0,2735	0,097
4,5	0,292	0,146
4,55	0,3025	0,196
4,6	0,314	0,251
4,65	0,3215	0,3045
4,7	0,328	0,3595
4,75	0,3295	0,4115
4,8	0,3335	0,4625
4,85	0,3315	0,5035
4,9	0,3295	0,537
4,95	0,324	0,5625
5	0,323	0,583
5,05	0,317	0,59
5,1	0,312	0,59
5,15	0,3055	0,577
5,2	0,2985	0,5575
5,25	0,291	0,5275
5,3	0,288	0,491
5,35	0,284	0,4435
5,4	0,277	0,3935
5,45	0,2705	0,3355
5,5	0,2665	0,281
5,55	0,256	0,223
5,6	0,251	0,1665
5,65	0,2425	0,1125
5,7	0,2335	0,0705
5,75	0,2245	0,0285
5,8	0,213	-0,0035
5,85	0,203	-0,027
5,9	0,193	-0,04
5,95	0,1785	-0,0435
6	0,169	-0,0375
6,05	0,1575	-0,0195
6,1	0,148	0,008
6,15	0,1395	0,0395
6,2	0,135	0,0815
6,25	0,128	0,124
6,3	0,127	0,176
6,35	0,1305	0,2285
6,4	0,138	0,2845
6,45	0,1445	0,335
6,5	0,1595	0,3865
6,55	0,1755	0,4315
6,6	0,196	0,473
6,65	0,2155	0,5035
6,7	0,2405	0,53
6,75	0,2665	0,5445
6,8	0,297	0,5525
6,85	0,322	0,5485
6,9	0,3525	0,541
6,95	0,373	0,523
7	0,3955	0,499
7,05	0,413	0,4675
7,1	0,4285	0,431
7,15	0,4365	0,3895
7,2	0,4445	0,3465
7,25	0,441	0,2985
7,3	0,434	0,255
7,35	0,418	0,209
7,4	0,3975	0,174
7,45	0,3705	0,1355
7,5	0,341	0,11
7,55	0,305	0,082
7,6	0,27	0,064
7,65	0,228	0,05
7,7	0,1875	0,0495
7,75	0,1455	0,0525
7,8	0,108	0,0605
7,85	0,069	0,0745
7,9	0,0395	0,0975
7,95	0,0145	0,1235
8	-0,0025	0,154
8,05	-0,0135	0,1815
8,1	-0,018	0,217
8,15	-0,0165	0,251
8,2	-0,0025	0,2845
8,25	0,0155	0,31
8,3	0,046	0,3375
8,35	0,082	0,362
8,4	0,129	0,3855
8,45	0,173	0,399
8,5	0,223	0,411
8,55	0,274	0,414
8,6	0,3255	0,4185
8,65	0,3755	0,419
8,7	0,421	0,4145
8,75	0,4615	0,403
8,8	0,4975	0,39
8,85	0,524	0,375
8,9	0,5455	0,3615
8,95	0,5525	0,34
9	0,5545	0,325
9,05	0,542	0,305
9,1	0,5245	0,2905
9,15	0,4935	0,271
9,2	0,4575	0,2595
9,25	0,414	0,245
9,3	0,364	0,234
9,35	0,3095	0,2225
9,4	0,2525	0,2165
9,45	0,197	0,2095
9,5	0,141	0,2075
9,55	0,088	0,2045
9,6	0,043	0,2065
9,65	0,003	0,2055
9,7	-0,0275	0,2055
9,75	-0,054	0,2055
9,8	-0,0675	0,2075
9,85	-0,074	0,206
9,9	-0,0675	0,2075
9,95	-0,054	0,2055
10	-0,0275	0,2105
10,05	0,002	0,2105
10,1	0,041	0,2125
10,15	0,087	0,215
10,2	0,1435	0,222
10,25	0,1975	0,2275
10,3	0,256	0,2345
10,35	0,312	0,243
10,4	0,368	0,2535
10,45	0,413	0,2645
10,5	0,4595	0,2785
10,55	0,4955	0,2905
10,6	0,5265	0,306
10,65	0,5425	0,3185
10,7	0,553	0,336
10,75	0,551	0,3505
10,8	0,5445	0,367
10,85	0,5265	0,3805
10,9	0,498	0,3925
10,95	0,4635	0,4015
11	0,4225	0,411
11,05	0,372	0,4135
11,1	0,325	0,413
11,15	0,2705	0,4045
11,2	0,2205	0,395
11,25	0,1695	0,378
11,3	0,1275	0,3645
11,35	0,083	0,339
11,4	0,0465	0,3155
11,45	0,017	0,2845
11,5	-0,0015	0,2545
11,55	-0,017	0,221
11,6	-0,022	0,195
11,65	-0,0205	0,164
11,7	-0,0065	0,1355
11,75	0,011	0,111
11,8	0,0365	0,0885
11,85	0,065	0,071
11,9	0,102	0,059
11,95	0,142	0,0515
12	0,1865	0,0555
12,05	0,225	0,065
12,1	0,2695	0,082
12,15	0,3075	0,1035
12,2	0,3465	0,1345
12,25	0,376	0,1655
12,3	0,403	0,2065
12,35	0,4225	0,2455
12,4	0,44	0,292
12,45	0,45	0,3335
12,5	0,456	0,379
12,55	0,449	0,4155
12,6	0,4395	0,4535
12,65	0,4215	0,482
12,7	0,4015	0,512
12,75	0,3735	0,531
12,8	0,3485	0,543
12,85	0,318	0,544
12,9	0,29	0,5435
12,95	0,259	0,5245
13	0,233	0,504
13,05	0,204	0,472
13,1	0,184	0,437
13,15	0,163	0,393
13,2	0,148	0,346
13,25	0,1335	0,292
13,3	0,126	0,2425
13,35	0,1205	0,188
13,4	0,122	0,139
13,45	0,122	0,0895
13,5	0,127	0,0505
13,55	0,131	0,016
13,6	0,145	-0,0115
13,65	0,1575	-0,029
13,7	0,1685	-0,036
13,75	0,1805	-0,0385
13,8	0,195	-0,024
13,85	0,2045	-0,007
13,9	0,2195	0,0255
13,95	0,231	0,0585
14	0,243	0,1055
14,05	0,2505	0,1525
14,1	0,26	0,2125
14,15	0,2645	0,266
14,2	0,2735	0,322
14,25	0,279	0,3775
14,3	0,2875	0,432
14,35	0,2915	0,4765
14,4	0,2985	0,5175
14,45	0,303	0,55
14,5	0,3095	0,5745
14,55	0,31	0,5875
14,6	0,3155	0,592
14,65	0,317	0,5845
14,7	0,321	0,568
14,75	0,3245	0,5405
14,8	0,3275	0,5125
14,85	0,327	0,468
14,9	0,329	0,4225
14,95	0,326	0,3695
15	0,3235	0,3145
15,05	0,3125	0,258
15,1	0,304	0,206
15,15	0,295	0,15
15,2	0,283	0,1055
15,25	0,265	0,0615
15,3	0,2505	0,0285
15,35	0,23	-0,0015
15,4	0,2135	-0,0165
15,45	0,1915	-0,026
15,5	0,1735	-0,0255
15,55	0,153	-0,015
15,6	0,1355	0,0045
15,65	0,1145	0,03
15,7	0,101	0,0665
15,75	0,0915	0,1055
15,8	0,0865	0,15
15,85	0,084	0,1975
15,9	0,0875	0,2465
15,95	0,0915	0,293
16	0,1035	0,344
16,05	0,122	0,386
16,1	0,146	0,4255
16,15	0,1745	0,4575
16,2	0,205	0,4895
16,25	0,235	0,5045
16,3	0,2695	0,519
16,35	0,304	0,5215
16,4	0,337	0,519
16,45	0,369	0,5115
16,5	0,4035	0,493
16,55	0,429	0,469
16,6	0,4485	0,44
16,65	0,4665	0,4025
16,7	0,481	0,3635
16,75	0,4825	0,3255
16,8	0,4785	0,2885
16,85	0,465	0,2495
16,9	0,447	0,2135
16,95	0,4195	0,1795
17	0,3875	0,152
17,05	0,3465	0,129
17,1	0,305	0,109
17,15	0,2625	0,097
17,2	0,218	0,093
17,25	0,17	0,089
17,3	0,1225	0,0955
17,35	0,079	0,1005
17,4	0,0425	0,1145
17,45	0,0095	0,132
17,5	-0,0155	0,157
17,55	-0,0335	0,176
17,6	-0,044	0,202
17,65	-0,046	0,2245
17,7	-0,0365	0,2525
17,75	-0,016	0,2755
17,8	0,0135	0,2995
17,85	0,0465	0,3135
17,9	0,0875	0,331
17,95	0,134	0,3465
18	0,1825	0,3585
18,05	0,233	0,365
18,1	0,291	0,372
18,15	0,3445	0,372
18,2	0,3965	0,374
18,25	0,442	0,3695
18,3	0,4835	0,3665
18,35	0,515	0,358
18,4	0,5395	0,3525
18,45	0,556	0,346
18,5	0,561	0,337
18,55	0,5555	0,328
18,6	0,5415	0,321
18,65	0,5155	0,315
18,7	0,485	0,306
18,75	0,445	0,2955
18,8	0,3975	0,2885
18,85	0,3455	0,2815
18,9	0,2885	0,276
18,95	0,2335	0,2695
19	0,1765	0,2615
19,05	0,1225	0,2555
19,1	0,0735	0,2475
19,15	0,0265	0,2395
19,2	-0,01	0,23
19,25	-0,035	0,2215
19,3	-0,0555	0,212
19,35	-0,0675	0,2025
19,4	-0,07	0,195
19,45	-0,061	0,1875
19,5	-0,041	0,184
19,55	-0,0155	0,1755
19,6	0,0195	0,1745
19,65	0,0625	0,1705
19,7	0,11	0,1725
19,75	0,161	0,173
19,8	0,2175	0,179
19,85	0,2715	0,1865
19,9	0,323	0,2005
19,95	0,3725	0,2155
20	0,419	0,2345
20,05	0,4565	0,251
20,1	0,4895	0,2755
20,15	0,512	0,299
20,2	0,528	0,321
20,25	0,5315	0,3475
20,3	0,5285	0,3735
20,35	0,514	0,395
20,4	0,4925	0,412
20,45	0,4665	0,4295
20,5	0,433	0,441
20,55	0,396	0,45
20,6	0,351	0,4545
20,65	0,3045	0,453
20,7	0,255	0,444
20,75	0,2105	0,4295
20,8	0,1655	0,408
20,85	0,1265	0,381
20,9	0,092	0,353
20,95	0,0615	0,3195
21	0,036	0,2845
21,05	0,0215	0,2495
21,1	0,0135	0,2105
21,15	0,0095	0,1745
21,2	0,0135	0,1385
21,25	0,0285	0,106
21,3	0,046	0,078
21,35	0,0705	0,0495
21,4	0,099	0,0325
21,45	0,1305	0,0265
21,5	0,166	0,0235
21,55	0,202	0,0315
21,6	0,235	0,0425
21,65	0,2715	0,063
21,7	0,303	0,09
21,75	0,3325	0,1235
21,8	0,3525	0,1625
21,85	0,3735	0,208
21,9	0,3895	0,2565
21,95	0,402	0,305
22	0,4045	0,351
22,05	0,4065	0,401
22,1	0,401	0,442
22,15	0,393	0,483
22,2	0,3805	0,5145
22,25	0,3645	0,543
22,3	0,348	0,5585
22,35	0,33	0,5675
22,4	0,31	0,5685
22,45	0,2915	0,557
22,5	0,271	0,536
22,55	0,2525	0,51
22,6	0,234	0,4725
22,65	0,219	0,432
22,7	0,203	0,3845
22,75	0,1925	0,331
22,8	0,182	0,273
22,85	0,176	0,22
22,9	0,17	0,166
22,95	0,1685	0,117
23	0,1635	0,0705
23,05	0,165	0,0305
23,1	0,1645	-0,002
23,15	0,169	-0,024
23,2	0,172	-0,039
23,25	0,1775	-0,041
23,3	0,18	-0,0385
23,35	0,1825	-0,026
23,4	0,1865	-0,0045
23,45	0,193	0,0315
23,5	0,1975	0,0725
23,55	0,204	0,1225
23,6	0,2105	0,172
23,65	0,2175	0,227
23,7	0,223	0,282
23,75	0,2295	0,339
23,8	0,235	0,392
23,85	0,2465	0,443
23,9	0,257	0,482
23,95	0,2715	0,517
24	0,2805	0,5435
24,05	0,2935	0,568
24,1	0,3045	0,5795
24,15	0,3155	0,5825
24,2	0,328	0,572
24,25	0,3385	0,552
24,3	0,3485	0,5215
24,35	0,3585	0,49
24,4	0,3645	0,4435
24,45	0,3675	0,3985
24,5	0,3655	0,3495
24,55	0,3635	0,2985
24,6	0,3565	0,247
24,65	0,347	0,1975
24,7	0,3315	0,148
24,75	0,3135	0,103
24,8	0,288	0,064
24,85	0,2685	0,0365
24,9	0,241	0,0145
24,95	0,2135	0,0035
25	0,184	-0,0035
25,05	0,1595	0,002
25,1	0,1335	0,0145
25,15	0,1095	0,034
25,2	0,086	0,0605
25,25	0,071	0,0945
25,3	0,0565	0,1295
25,35	0,046	0,1745
25,4	0,044	0,2145
25,45	0,049	0,2605
25,5	0,059	0,2995
25,55	0,0755	0,342
25,6	0,0975	0,3795
25,65	0,1265	0,4135
25,7	0,1575	0,438
25,75	0,197	0,461
25,8	0,2345	0,4765
25,85	0,278	0,489
25,9	0,32	0,4875
25,95	0,364	0,482
26	0,3995	0,4665
26,05	0,4305	0,4525
26,1	0,458	0,4275
26,15	0,4805	0,405
26,2	0,494	0,378
26,25	0,5065	0,3475
26,3	0,507	0,314
26,35	0,5	0,2845
26,4	0,482	0,252
26,45	0,4605	0,2255
26,5	0,43	0,2
26,55	0,3895	0,1775
26,6	0,345	0,16
26,65	0,302	0,148
26,7	0,2515	0,138
26,75	0,2015	0,132
26,8	0,147	0,131
26,85	0,099	0,137
26,9	0,0535	0,1395
26,95	0,0175	0,1505
27	-0,0125	0,163
27,05	-0,0355	0,1785
27,1	-0,052	0,1905
27,15	-0,057	0,2085
27,2	-0,054	0,2225
27,25	-0,0385	0,2395
27,3	-0,019	0,254
27,35	0,0115	0,2705
27,4	0,0475	0,28
27,45	0,095	0,2925
27,5	0,1435	0,2995
27,55	0,1985	0,313
27,6	0,2545	0,321
27,65	0,3135	0,327
27,7	0,366	0,33
27,75	0,4175	0,3345
27,8	0,4585	0,3345
27,85	0,4975	0,3375
27,9	0,5285	0,3385
27,95	0,55	0,34
28	0,5575	0,339
28,05	0,561	0,3425
28,1	0,552	0,342
28,15	0,536	0,345
28,2	0,506	0,3405
28,25	0,473	0,3415
28,3	0,431	0,336
28,35	0,384	0,334
28,4	0,3285	0,327
28,45	0,274	0,325
28,5	0,218	0,3145
28,55	0,1665	0,3075
28,6	0,114	0,294
28,65	0,0675	0,2825
28,7	0,0255	0,266
28,75	-0,006	0,254
28,8	-0,032	0,2355
28,85	-0,0495	0,2195
28,9	-0,0585	0,203
28,95	-0,0545	0,1895
29	-0,041	0,169
29,05	-0,0185	0,156
29,1	0,0115	0,141
29,15	0,0475	0,135
29,2	0,0865	0,129
29,25	0,1345	0,1305
29,3	0,1805	0,132
29,35	0,2315	0,1425
29,4	0,281	0,152
29,45	0,3305	0,17
29,5	0,371	0,1905
29,55	0,412	0,2145
29,6	0,445	0,2405
29,65	0,4745	0,271
29,7	0,492	0,3
29,75	0,505	0,3325
29,8	0,5055	0,363
29,85	0,502	0,395
29,9	0,488	0,4225
29,95	0,4665	0,447
30	0,439	0,462
30,05	0,4075	0,4795
30,1	0,37	0,4895
30,15	0,332	0,492
30,2	0,29	0,485
30,25	0,25	0,4755
30,3	0,2085	0,455
30,35	0,173	0,4305
30,4	0,1405	0,3985
30,45	0,112	0,3665
30,5	0,085	0,326
30,55	0,0705	0,2865
30,6	0,0555	0,239
30,65	0,0505	0,1975
30,7	0,0495	0,156
30,75	0,0575	0,1165
30,8	0,066	0,076
30,85	0,0845	0,049
30,9	0,1045	0,022
30,95	0,127	0,0075
31	0,151	-0,0025
31,05	0,1785	-0,002
31,1	0,206	0,0065
31,15	0,235	0,024
31,2	0,2605	0,05
31,25	0,288	0,0865
31,3	0,3045	0,125
31,35	0,3225	0,1685
31,4	0,3385	0,2165
31,45	0,352	0,2715
31,5	0,3585	0,3195
31,55	0,364	0,3695
31,6	0,3635	0,419
31,65	0,3635	0,466
31,7	0,3545	0,504
31,75	0,3485	0,5395
31,8	0,3395	0,5585
31,85	0,3315	0,576
31,9	0,321	0,5795
31,95	0,307	0,577
32	0,2945	0,563
32,05	0,2835	0,542
32,1	0,2725	0,5065
32,15	0,263	0,467
32,2	0,253	0,421
32,25	0,242	0,373
32,3	0,233	0,317
32,35	0,2285	0,2635
32,4	0,219	0,2055
32,45	0,2145	0,1515
32,5	0,21	0,101
32,55	0,204	0,057
32,6	0,197	0,02
32,65	0,191	-0,01
32,7	0,185	-0,03
32,75	0,18	-0,04
32,8	0,1745	-0,041
32,85	0,172	-0,028
32,9	0,165	-0,012
32,95	0,1625	0,0165
33	0,1615	0,0515
33,05	0,1635	0,0965
33,1	0,161	0,1435
33,15	0,164	0,198
33,2	0,167	0,251
33,25	0,1785	0,306
33,3	0,186	0,355
33,35	0,197	0,4055
33,4	0,211	0,448
33,45	0,2255	0,4885
33,5	0,2415	0,522
33,55	0,262	0,5445
33,6	0,2805	0,5565
33,65	0,302	0,562
33,7	0,3235	0,5575
33,75	0,3465	0,546
33,8	0,3635	0,521
33,85	0,3815	0,495
33,9	0,3945	0,462
33,95	0,4045	0,423
34	0,411	0,3745
34,05	0,4135	0,329
34,1	0,41	0,2815
34,15	0,399	0,234
34,2	0,3825	0,1865
34,25	0,3635	0,1485
34,3	0,338	0,1095
34,35	0,3095	0,0815
34,4	0,278	0,057
34,45	0,243	0,043
34,5	0,208	0,0305
34,55	0,173	0,028
34,6	0,1425	0,035
34,65	0,11	0,0465
34,7	0,0805	0,0645
34,75	0,0545	0,0915
34,8	0,033	0,122
34,85	0,0185	0,158
34,9	0,014	0,196
34,95	0,012	0,233
35	0,018	0,269
35,05	0,032	0,3035
35,1	0,0525	0,338
35,15	0,082	0,365
35,2	0,1175	0,392
35,25	0,1585	0,4135
35,3	0,1995	0,43
35,35	0,2465	0,441
35,4	0,293	0,445
35,45	0,338	0,445
35,5	0,386	0,442
35,55	0,4265	0,432
35,6	0,461	0,4175
35,65	0,49	0,4015
35,7	0,516	0,3795
35,75	0,5275	0,358
35,8	0,534	0,335
35,85	0,5325	0,31
35,9	0,521	0,288
35,95	0,4975	0,2695
36	0,4665	0,2485
36,05	0,427	0,2285
36,1	0,386	0,2125
36,15	0,338	0,2025
36,2	0,287	0,192
36,25	0,233	0,1825
36,3	0,182	0,179
36,35	0,133	0,177
36,4	0,0835	0,175
36,45	0,038	0,178
36,5	0,0015	0,184
36,55	-0,031	0,188
36,6	-0,05	0,1975
36,65	-0,062	0,204
36,7	-0,062	0,209
36,75	-0,057	0,2205
36,8	-0,0355	0,227
36,85	-0,0105	0,232
36,9	0,024	0,2395
36,95	0,066	0,246
37	0,116	0,252
37,05	0,1655	0,256
37,1	0,221	0,2675
37,15	0,2725	0,2735
37,2	0,332	0,282
37,25	0,382	0,2865
37,3	0,432	0,2975
37,35	0,4725	0,3035
37,4	0,51	0,3115
37,45	0,531	0,319
37,5	0,548	0,3335
37,55	0,557	0,3415
37,6	0,5545	0,3505
37,65	0,54	0,357
37,7	0,521	0,3645
37,75	0,488	0,3705
37,8	0,452	0,3775
37,85	0,4075	0,375
37,9	0,3575	0,377
37,95	0,304	0,3715
38	0,255	0,366
38,05	0,202	0,358
38,1	0,1525	0,347
38,15	0,106	0,327
38,2	0,066	0,3105
38,25	0,026	0,2885
38,3	-0,0005	0,267
38,35	-0,0175	0,239
38,4	-0,0275	0,2125
38,45	-0,032	0,1865
38,5	-0,026	0,165
38,55	-0,0135	0,1425
38,6	0,01	0,126
38,65	0,039	0,105
38,7	0,0755	0,097
38,75	0,116	0,0895
38,8	0,1595	0,0875
38,85	0,2015	0,091
38,9	0,249	0,105
38,95	0,2925	0,1165
39	0,3355	0,1395
39,05	0,371	0,165
39,1	0,404	0,1985
39,15	0,4325	0,2315
39,2	0,456	0,271
39,25	0,469	0,305
39,3	0,474	0,344
39,35	0,4695	0,3815
39,4	0,4635	0,4205
39,45	0,4495	0,4525
39,5	0,4315	0,482
39,55	0,406	0,4985
39,6	0,3765	0,514
39,65	0,3455	0,52
39,7	0,3145	0,5235
39,75	0,2785	0,512
39,8	0,2455	0,5
39,85	0,2145	0,4745
39,9	0,1855	0,445
39,95	0,1575	0,406
40	0,1355	0,364
40,05	0,1185	0,3185
40,1	0,105	0,2725
40,15	0,096	0,224
40,2	0,092	0,1785
40,25	0,0925	0,1295
40,3	0,101	0,0875
40,35	0,11	0,05
40,4	0,118	0,0225
40,45	0,1315	-0,001
40,5	0,1505	-0,0145
40,55	0,1665	-0,0225
40,6	0,1885	-0,016
40,65	0,207	-0,006
40,7	0,2265	0,0195
40,75	0,2425	0,048
40,8	0,2575	0,0875
40,85	0,272	0,129
40,9	0,2845	0,181
40,95	0,2935	0,2345
41	0,303	0,2895
41,05	0,31	0,3395
41,1	0,3165	0,393
41,15	0,318	0,4395
41,2	0,3235	0,483
41,25	0,319	0,5185
41,3	0,3175	0,55
41,35	0,3135	0,57
41,4	0,316	0,582
41,45	0,3115	0,5805
41,5	0,3105	0,579
41,55	0,3065	0,557
41,6	0,306	0,5295
41,65	0,3025	0,4935
41,7	0,2995	0,4515
41,75	0,294	0,403
41,8	0,2915	0,3535
41,85	0,2835	0,2955
41,9	0,277	0,242
41,95	0,27	0,186
42	0,2615	0,1355
42,05	0,25	0,089
42,1	0,2405	0,05
42,15	0,2275	0,016
42,2	0,2155	-0,0085
42,25	0,199	-0,0265
42,3	0,186	-0,0295
42,35	0,171	-0,03
42,4	0,1565	-0,0145
42,45	0,144	0,007
42,5	0,1345	0,0375
42,55	0,1235	0,075
42,6	0,119	0,119
42,65	0,1155	0,164
42,7	0,1185	0,217
42,75	0,1195	0,264
42,8	0,13	0,319
42,85	0,1425	0,3645
42,9	0,159	0,4125
42,95	0,176	0,4475
43	0,2	0,481
43,05	0,225	0,509
43,1	0,2565	0,5275
43,15	0,283	0,5335
43,2	0,312	0,536
43,25	0,341	0,531
43,3	0,3705	0,519
43,35	0,393	0,496
43,4	0,415	0,4695
43,45	0,433	0,431
43,5	0,4445	0,397
43,55	0,4505	0,3515
43,6	0,4515	0,313
43,65	0,444	0,268
43,7	0,4315	0,2305
43,75	0,4105	0,189
43,8	0,3845	0,1585
43,85	0,354	0,1265
43,9	0,3205	0,1035
43,95	0,2805	0,082
44	0,24	0,072
44,05	0,1965	0,0655
44,1	0,157	0,0685
44,15	0,1165	0,0725
44,2	0,0805	0,0885
44,25	0,047	0,1065
44,3	0,022	0,128
44,35	0,001	0,152
44,4	-0,013	0,1825
44,45	-0,019	0,208
44,5	-0,016	0,239
44,55	-0,007	0,266
44,6	0,0135	0,297
44,65	0,0395	0,3205
44,7	0,077	0,3455
44,75	0,112	0,364
44,8	0,1605	0,383
44,85	0,208	0,3905
44,9	0,26	0,4005
44,95	0,308	0,402
45	0,357	0,402
45,05	0,402	0,397
45,1	0,4465	0,394
45,15	0,482	0,383
45,2	0,5125	0,3735
45,25	0,5305	0,3585
45,3	0,544	0,344
45,35	0,546	0,329
45,4	0,539	0,3165
45,45	0,519	0,301
45,5	0,495	0,2885
45,55	0,461	0,2755
45,6	0,4205	0,2665
45,65	0,3715	0,252
45,7	0,322	0,247
45,75	0,2685	0,237
45,8	0,2125	0,2335
45,85	0,1565	0,2255
45,9	0,107	0,224
45,95	0,0595	0,221
46	0,02	0,218
46,05	-0,0145	0,2135
46,1	-0,04	0,2095
46,15	-0,057	0,208
46,2	-0,0615	0,205
46,25	-0,061	0,199
46,3	-0,048	0,204
46,35	-0,026	0,201
46,4	0,004	0,2025
46,45	0,0375	0,202
46,5	0,083	0,203
46,55	0,131	0,2045
46,6	0,182	0,214
46,65	0,2355	0,219
46,7	0,2905	0,2285
46,75	0,3425	0,237
46,8	0,3905	0,249
46,85	0,432	0,262
46,9	0,4725	0,2795
46,95	0,503	0,2965
47	0,528	0,315
47,05	0,5375	0,332
47,1	0,5415	0,3505
47,15	0,5335	0,3655
47,2	0,518	0,3805
47,25	0,4955	0,3935
47,3	0,4655	0,407
47,35	0,426	0,416
47,4	0,381	0,422
47,45	0,3335	0,42
47,5	0,286	0,418
47,55	0,236	0,408
47,6	0,1895	0,394
47,65	0,1445	0,3775
47,7	0,103	0,357
47,75	0,065	0,33
47,8	0,0385	0,3015
47,85	0,017	0,2685
47,9	0,007	0,2345
47,95	0,0015	0,201
48	0,0015	0,1675
48,05	0,0075	0,139
48,1	0,024	0,112
48,15	0,045	0,088
48,2	0,0715	0,0705
48,25	0,1055	0,056
48,3	0,141	0,054
48,35	0,1775	0,0555
48,4	0,218	0,062
48,45	0,2575	0,0705
48,5	0,293	0,0935
48,55	0,3275	0,1235
48,6	0,3555	0,1575
48,65	0,38	0,1915
48,7	0,4025	0,233
48,75	0,418	0,274
48,8	0,429	0,3215
48,85	0,434	0,365
48,9	0,43	0,406
48,95	0,4205	0,4445
49	0,406	0,482
49,05	0,392	0,51
49,1	0,371	0,5305
49,15	0,352	0,543
49,2	0,3255	0,5475
49,25	0,302	0,546
49,3	0,276	0,5335
49,35	0,2525	0,511
49,4	0,2285	0,481
49,45	0,207	0,4455
49,5	0,185	0,406
49,55	0,171	0,357
49,6	0,1565	0,307
49,65	0,15	0,257
49,7	0,142	0,2075
49,75	0,139	0,156
49,8	0,1375	0,11
49,85	0,138	0,068
49,9	0,1395	0,031
49,95	0,1475	0,003
50	0,155	-0,019
50,05	0,1655	-0,0265
50,1	0,177	-0,029
50,15	0,187	-0,0185
50,2	0,196	-0,004
50,25	0,206	0,0245
50,3	0,215	0,059
50,35	0,225	0,0975
50,4	0,232	0,146
50,45	0,244	0,196
50,5	0,249	0,2485
50,55	0,2575	0,3055
50,6	0,264	0,3615
50,65	0,2705	0,411
50,7	0,2745	0,4575
50,75	0,2835	0,498
50,8	0,2895	0,5285
50,85	0,3	0,5565
50,9	0,305	0,573
50,95	0,315	0,5825
51	0,32	0,5775
51,05	0,3245	0,565
51,1	0,3305	0,542
51,15	0,3365	0,512
51,2	0,337	0,4725
51,25	0,3365	0,4305
51,3	0,3365	0,3835
51,35	0,3355	0,3315
51,4	0,326	0,278
51,45	0,318	0,2255
51,5	0,307	0,1735
51,55	0,2975	0,1285
51,6	0,2825	0,087
51,65	0,2645	0,0515
51,7	0,244	0,023
51,75	0,2225	0,0055
51,8	0,2	-0,007
51,85	0,1805	-0,006
51,9	0,158	-0,0035
51,95	0,1365	0,0135
52	0,1165	0,037
52,05	0,101	0,0665
52,1	0,089	0,101
52,15	0,0825	0,1435
52,2	0,0785	0,1865
52,25	0,0815	0,2345
52,3	0,0835	0,278
52,35	0,096	0,321
52,4	0,1115	0,3615
52,45	0,1305	0,404
52,5	0,156	0,436
52,55	0,188	0,4695
52,6	0,2185	0,4885
52,65	0,2545	0,501
52,7	0,293	0,506
52,75	0,331	0,5075
52,8	0,363	0,497
52,85	0,3955	0,485
52,9	0,423	0,4605
52,95	0,4485	0,4365
53	0,465	0,4045
53,05	0,4755	0,3745
53,1	0,4805	0,336
53,15	0,482	0,303
53,2	0,469	0,2645
53,25	0,451	0,234
53,3	0,4255	0,2025
53,35	0,398	0,1765
53,4	0,3595	0,1515
53,45	0,3225	0,135
53,5	0,276	0,12
53,55	0,232	0,114
53,6	0,1805	0,1055
53,65	0,137	0,1065
53,7	0,0925	0,114
53,75	0,0525	0,1275
53,8	0,0195	0,139
53,85	-0,003	0,157
53,9	-0,023	0,1725
53,95	-0,0345	0,1955
54	-0,039	0,2145
54,05	-0,0335	0,239
54,1	-0,0185	0,261
54,15	0,0095	0,282
54,2	0,039	0,2975
54,25	0,08	0,3185
54,3	0,1215	0,3285
54,35	0,172	0,341
54,4	0,222	0,3455
54,45	0,2775	0,355
54,5	0,328	0,3585
54,55	0,3785	0,3635
54,6	0,425	0,3605
54,65	0,469	0,359
54,7	0,5005	0,355
54,75	0,5305	0,351
54,8	0,548	0,344
54,85	0,5595	0,3395
54,9	0,555	0,3315
54,95	0,544	0,3275
55	0,523	0,317
55,05	0,4935	0,3165
55,1	0,452	0,3075
55,15	0,4115	0,3045
55,2	0,3605	0,295
55,25	0,305	0,2915
55,3	0,249	0,2825
55,35	0,199	0,2785
55,4	0,147	0,2705
55,45	0,097	0,2645
55,5	0,052	0,2535
55,55	0,0145	0,2455
55,6	-0,019	0,233
55,65	-0,04	0,2265
55,7	-0,056	0,2105
55,75	-0,0575	0,204
55,8	-0,0515	0,1905
55,85	-0,0345	0,1815
55,9	-0,0085	0,173
55,95	0,0255	0,1705
56	0,0605	0,162
56,05	0,107	0,1635
56,1	0,154	0,1595
56,15	0,205	0,1685
56,2	0,254	0,1775
56,25	0,309	0,1925
56,3	0,3545	0,2025
56,35	0,399	0,221
56,4	0,4355	0,2415
56,45	0,4685	0,2685
56,5	0,4885	0,2915
56,55	0,507	0,316
56,6	0,5115	0,337
56,65	0,512	0,3655
56,7	0,5045	0,388
56,75	0,4895	0,412
56,8	0,465	0,431
56,85	0,436	0,447
56,9	0,3995	0,452
56,95	0,36	0,4585
57	0,315	0,458
57,05	0,2745	0,45
57,1	0,2325	0,4365
57,15	0,1925	0,421
57,2	0,151	0,3945
57,25	0,1175	0,368
57,3	0,087	0,3355
57,35	0,0615	0,302
57,4	0,044	0,264
57,45	0,0335	0,2265
57,5	0,028	0,184
57,55	0,032	0,1495
57,6	0,042	0,114
57,65	0,0575	0,084
57,7	0,075	0,058
57,75	0,0975	0,041
57,8	0,1245	0,028
57,85	0,1585	0,024
57,9	0,19	0,0255
57,95	0,223	0,0335
58	0,2535	0,0515
58,05	0,2845	0,0805
58,1	0,31	0,112
58,15	0,3355	0,151
58,2	0,3545	0,1935
58,25	0,373	0,242
58,3	0,3845	0,2875
58,35	0,39	0,3365
58,4	0,3905	0,3815
58,45	0,3875	0,4285
58,5	0,3805	0,467
58,55	0,3715	0,501
58,6	0,359	0,5285
58,65	0,348	0,552
58,7	0,333	0,561
58,75	0,315	0,563
58,8	0,2965	0,556
58,85	0,2825	0,5405
58,9	0,263	0,5145
58,95	0,2455	0,4825
59	0,232	0,442
59,05	0,2215	0,3995
59,1	0,2125	0,347
59,15	0,2055	0,2945
59,2	0,194	0,2385
59,25	0,1885	0,1885
59,3	0,182	0,136
59,35	0,179	0,0895
59,4	0,1775	0,0475
59,45	0,1765	0,0135
59,5	0,1785	-0,0095
59,55	0,1805	-0,025
59,6	0,1815	-0,0355
59,65	0,1825	-0,0325
59,7	0,1835	-0,0185
59,75	0,188	0,002
59,8	0,1905	0,031
59,85	0,192	0,0685
59,9	0,193	0,112
59,95	0,1935	0,163
60	0,196	0,213
60,05	0,2025	0,266
60,1	0,2115	0,32
60,15	0,2195	0,373
60,2	0,232	0,421
60,25	0,244	0,4695
60,3	0,255	0,504
60,35	0,2675	0,5345
60,4	0,282	0,557
60,45	0,2975	0,567
60,5	0,311	0,5675
60,55	0,329	0,563
60,6	0,34	0,5445
60,65	0,3515	0,5205
60,7	0,363	0,4885
60,75	0,372	0,4525
60,8	0,3785	0,408
60,85	0,377	0,362
60,9	0,376	0,314
60,95	0,3715	0,2625
61	0,3625	0,2135
61,05	0,348	0,166
61,1	0,3295	0,126
61,15	0,3085	0,087
61,2	0,2875	0,0585
61,25	0,258	0,035
61,3	0,2285	0,0205
61,35	0,1975	0,0125
61,4	0,169	0,018
61,45	0,14	0,027
61,5	0,114	0,041
61,55	0,0905	0,0635
61,6	0,0685	0,095
61,65	0,0525	0,129
61,7	0,0435	0,166
61,75	0,0375	0,2035
61,8	0,041	0,2445
61,85	0,0475	0,284
61,9	0,066	0,3245
61,95	0,085	0,359
62	0,1135	0,394
62,05	0,1455	0,419
62,1	0,1845	0,4425
62,15	0,221	0,4555
62,2	0,2625	0,4665
62,25	0,3035	0,4685
62,3	0,3475	0,465
62,35	0,385	0,4595
62,4	0,4205	0,4475
62,45	0,451	0,43
62,5	0,48	0,4095
62,55	0,496	0,3815
62,6	0,506	0,354
62,65	0,5055	0,3265
62,7	0,5005	0,3
62,75	0,488	0,2695
62,8	0,4675	0,244
62,85	0,434	0,2195
62,9	0,401	0,2
62,95	0,3575	0,183
63	0,313	0,1685
63,05	0,2645	0,155
63,1	0,215	0,1525
63,15	0,1645	0,15
63,2	0,116	0,1515
63,25	0,07	0,1525
63,3	0,03	0,16
63,35	-0,002	0,168
63,4	-0,025	0,183
63,45	-0,0435	0,1935
63,5	-0,0515	0,206
63,55	-0,0515	0,2185
63,6	-0,0385	0,2345
63,65	-0,0205	0,2455
63,7	0,007	0,2575
63,75	0,042	0,2675
63,8	0,0855	0,2805
63,85	0,133	0,291
63,9	0,185	0,298
63,95	0,2365	0,304
64	0,2935	0,311
64,05	0,3455	0,3145
64,1	0,3975	0,3185
64,15	0,442	0,321
64,2	0,481	0,3295
64,25	0,5155	0,329
64,3	0,5385	0,3335
64,35	0,55	0,3375
64,4	0,5545	0,3435
64,45	0,5465	0,3455
64,5	0,534	0,348
64,55	0,5095	0,3455
64,6	0,479	0,347
64,65	0,439	0,3475
64,7	0,3895	0,349
64,75	0,338	0,346
64,8	0,287	0,3385
64,85	0,234	0,3285
64,9	0,184	0,3205
64,95	0,134	0,3075
65	0,0885	0,296
65,05	0,0475	0,2805
65,1	0,0135	0,264
65,15	-0,013	0,2445
65,2	-0,03	0,2275
65,25	-0,0405	0,2095
65,3	-0,0375	0,1915
65,35	-0,029	0,1705
65,4	-0,0095	0,1565
65,45	0,0165	0,143
65,5	0,0505	0,133
65,55	0,0875	0,122
65,6	0,1305	0,1195
65,65	0,172	0,1185
65,7	0,2185	0,1275
65,75	0,265	0,1375
65,8	0,3145	0,153
65,85	0,3545	0,1745
65,9	0,395	0,1995
65,95	0,428	0,225
66	0,455	0,2525
66,05	0,47	0,286
66,1	0,4845	0,321
66,15	0,49	0,3515
66,2	0,4865	0,385
66,25	0,4745	0,4135
66,3	0,458	0,4415
66,35	0,437	0,4585
66,4	0,408	0,478
66,45	0,372	0,489
66,5	0,339	0,496
66,55	0,299	0,4885
66,6	0,261	0,482
66,65	0,225	0,4615
66,7	0,193	0,4425
66,75	0,1575	0,412
66,8	0,132	0,38
66,85	0,1085	0,3365
66,9	0,0935	0,298
66,95	0,079	0,2525
67	0,0715	0,2105
67,05	0,068	0,167
67,1	0,0715	0,128
67,15	0,0795	0,089
67,2	0,0935	0,058
67,25	0,1065	0,028
67,3	0,128	0,0115
67,35	0,1495	-0,0005
67,4	0,1745	0
67,45	0,1965	0,005
67,5	0,223	0,0215
67,55	0,2455	0,042
67,6	0,27	0,075
67,65	0,284	0,1125
67,7	0,3035	0,1565
67,75	0,318	0,203
67,8	0,331	0,2535
67,85	0,3385	0,302
67,9	0,3455	0,3565
67,95	0,347	0,4035
68	0,3475	0,45
68,05	0,3445	0,491
68,1	0,342	0,5255
68,15	0,3355	0,5475
68,2	0,328	0,569
68,25	0,3175	0,573
68,3	0,31	0,5725
68,35	0,3	0,559
68,4	0,294	0,5425
68,45	0,284	0,509
68,5	0,2765	0,474
68,55	0,2675	0,428
68,6	0,2615	0,381
68,65	0,2535	0,3275
68,7	0,2455	0,2735
68,75	0,2365	0,218
68,8	0,2325	0,1675
68,85	0,2255	0,1175
68,9	0,2205	0,075
68,95	0,2125	0,039
69	0,203	0,011
69,05	0,1945	-0,0135
69,1	0,189	-0,026
69,15	0,1795	-0,03
69,2	0,171	-0,021
69,25	0,1605	-0,0085
69,3	0,1585	0,015
69,35	0,153	0,0475
69,4	0,15	0,0895
69,45	0,146	0,134
69,5	0,15	0,188
69,55	0,152	0,238
69,6	0,161	0,288
69,65	0,166	0,3365
69,7	0,176	0,386
69,75	0,1925	0,429
69,8	0,211	0,469
69,85	0,229	0,502
69,9	0,2515	0,528
69,95	0,274	0,542
70	0,297	0,5495
70,05	0,3185	0,5445
70,1	0,3425	0,537
70,15	0,362	0,517
70,2	0,3795	0,4935
70,25	0,3935	0,4625
70,3	0,409	0,4245
70,35	0,4165	0,381
70,4	0,4185	0,3385
70,45	0,415	0,293
70,5	0,41	0,254
70,55	0,397	0,207
70,6	0,377	0,169
70,65	0,349	0,1295
70,7	0,3225	0,102
70,75	0,2885	0,0745
70,8	0,256	0,06
70,85	0,2195	0,05
70,9	0,184	0,0495
70,95	0,147	0,048
71	0,114	0,0615
71,05	0,081	0,0745
71,1	0,0575	0,1005
71,15	0,035	0,1265
71,2	0,021	0,1555
71,25	0,0085	0,1875
71,3	0,0085	0,225
71,35	0,0105	0,2545
71,4	0,024	0,2885
71,45	0,0435	0,3195
71,5	0,072	0,346
71,55	0,104	0,369
71,6	0,144	0,3925
71,65	0,185	0,408
71,7	0,232	0,42
71,75	0,2785	0,426
71,8	0,325	0,428
71,85	0,368	0,423
71,9	0,413	0,418
71,95	0,4525	0,406
72	0,484	0,392
72,05	0,5075	0,3725
72,1	0,526	0,3585
72,15	0,5315	0,3395
72,2	0,529	0,32
72,25	0,52	0,299
72,3	0,501	0,284
72,35	0,4705	0,2635
72,4	0,4385	0,247
72,45	0,3965	0,233
72,5	0,352	0,2205
72,55	0,299	0,21
72,6	0,2485	0,2065
72,65	0,194	0,1985
72,7	0,1455	0,1965
72,75	0,0965	0,1935
72,8	0,053	0,1955
72,85	0,016	0,1955
72,9	-0,014	0,199
72,95	-0,0375	0,2005
73	-0,0495	0,205
73,05	-0,056	0,207
73,1	-0,0505	0,212
73,15	-0,0355	0,2175
73,2	-0,0085	0,221
73,25	0,023	0,2235
73,3	0,06	0,2305
73,35	0,101	0,2345
73,4	0,151	0,2435
73,45	0,2035	0,2485
73,5	0,258	0,2545
73,55	0,312	0,2595
73,6	0,364	0,268
73,65	0,41	0,2785
73,7	0,4515	0,291
73,75	0,4865	0,299
73,8	0,5135	0,315
73,85	0,529	0,325
73,9	0,5415	0,339
73,95	0,542	0,352
74	0,5325	0,3625
74,05	0,514	0,369
74,1	0,488	0,378
74,15	0,453	0,383
74,2	0,4105	0,386
74,25	0,3635	0,3865
74,3	0,319	0,384
74,35	0,2685	0,3785
74,4	0,219	0,3685
74,45	0,1685	0,354
74,5	0,1245	0,342
74,55	0,082	0,3205
74,6	0,0475	0,3
74,65	0,021	0,2765
74,7	0,0005	0,2525
74,75	-0,0135	0,2215
74,8	-0,015	0,195
74,85	-0,0135	0,169
74,9	-0,002	0,144
74,95	0,015	0,123
75	0,0415	0,1065
75,05	0,073	0,0935
75,1	0,1085	0,085
75,15	0,1485	0,081
75,2	0,191	0,085
75,25	0,2315	0,0925
75,3	0,273	0,1075
75,35	0,314	0,1275
75,4	0,35	0,153
75,45	0,381	0,1835
75,5	0,4085	0,22
75,55	0,4275	0,254
75,6	0,443	0,296
75,65	0,4525	0,335
75,7	0,4555	0,374
75,75	0,4495	0,4105
75,8	0,4435	0,4435
75,85	0,426	0,4695
75,9	0,405	0,493
75,95	0,3795	0,511
76	0,351	0,522
76,05	0,32	0,522
76,1	0,291	0,5185
76,15	0,2635	0,5045
76,2	0,234	0,482
76,25	0,204	0,452
76,3	0,178	0,42
76,35	0,1575	0,38
76,4	0,14	0,3345
76,45	0,1285	0,2875
76,5	0,1185	0,2385
76,55	0,1135	0,1885
76,6	0,1125	0,143
76,65	0,116	0,1025
76,7	0,1205	0,0635
76,75	0,1305	0,034
76,8	0,1425	0,009
76,85	0,154	-0,0085
76,9	0,168	-0,0155
76,95	0,1835	-0,013
77	0,2005	0,0005
77,05	0,217	0,017
77,1	0,232	0,047
77,15	0,2455	0,0815
77,2	0,255	0,124
77,25	0,268	0,168
77,3	0,2765	0,22
77,35	0,285	0,2735
77,4	0,2925	0,325
77,45	0,3	0,3725
77,5	0,3035	0,4235
77,55	0,3085	0,4665
77,6	0,3115	0,5095
77,65	0,3125	0,538
77,7	0,313	0,5585
77,75	0,3125	0,571
77,8	0,3115	0,577
77,85	0,3125	0,57
77,9	0,3145	0,555
77,95	0,3115	0,533
78	0,3055	0,4985
78,05	0,3055	0,46
78,1	0,3025	0,414
78,15	0,301	0,362
78,2	0,298	0,3085
78,25	0,295	0,2565
78,3	0,286	0,2045
78,35	0,2785	0,156
78,4	0,2645	0,109
78,45	0,2565	0,068
78,5	0,241	0,0365
78,55	0,2265	0,0115
78,6	0,2085	-0,01
78,65	0,194	-0,0175
78,7	0,176	-0,014
78,75	0,1635	-0,0035
78,8	0,1465	0,0155
78,85	0,1335	0,0425
78,9	0,1225	0,075
78,95	0,114	0,113
79	0,108	0,1555
79,05	0,107	0,2015
79,1	0,11	0,251
79,15	0,1195	0,298
79,2	0,128	0,347
79,25	0,1445	0,391
79,3	0,1635	0,4245
79,35	0,1885	0,46
79,4	0,213	0,4875
79,45	0,2425	0,5065
79,5	0,271	0,5185
79,55	0,305	0,523
79,6	0,3345	0,5205
79,65	0,364	0,505
79,7	0,3895	0,488
79,75	0,413	0,465
79,8	0,43	0,4335
79,85	0,446	0,3995
79,9	0,452	0,363
79,95	0,456	0,327
80	0,4505	0,2855
80,05	0,4375	0,2475
80,1	0,419	0,209
80,15	0,3975	0,176
80,2	0,366	0,1505
80,25	0,3325	0,1255
80,3	0,2915	0,1075
80,35	0,2525	0,0955
80,4	0,2085	0,0865
80,45	0,1695	0,0855
80,5	0,128	0,0885
80,55	0,0905	0,0965
80,6	0,0555	0,1115
80,65	0,0315	0,1345
80,7	0,0085	0,153
80,75	-0,005	0,179
80,8	-0,0155	0,201
80,85	-0,013	0,2285
80,9	-0,007	0,252
80,95	0,013	0,279
81	0,039	0,303
81,05	0,071	0,3255
81,1	0,1075	0,344
81,15	0,1515	0,3585
81,2	0,1965	0,3695
81,25	0,2475	0,378
81,3	0,296	0,3835
81,35	0,3455	0,384
81,4	0,3915	0,3845
81,45	0,4335	0,3815
81,5	0,4715	0,3775
81,55	0,5035	0,3685
81,6	0,525	0,36
81,65	0,538	0,35
81,7	0,5385	0,3355
81,75	0,536	0,327
81,8	0,522	0,3115
81,85	0,4985	0,3015
81,9	0,465	0,2895
81,95	0,4275	0,2815
82	0,3855	0,2735
82,05	0,3375	0,2645
82,1	0,2845	0,252
82,15	0,232	0,248
82,2	0,179	0,2405
82,25	0,127	0,2375
82,3	0,0785	0,2325
82,35	0,036	0,2245
82,4	0,0045	0,22
82,45	-0,02	0,2205
82,5	-0,043	0,2105
82,55	-0,051	0,2045
82,6	-0,051	0,2015
82,65	-0,042	0,1995
82,7	-0,025	0,1975
82,75	0,004	0,195
82,8	0,036	0,194
82,85	0,076	0,198
82,9	0,121	0,196
82,95	0,171	0,199
83	0,2225	0,203
83,05	0,2755	0,2155
83,1	0,323	0,222
83,15	0,375	0,2385
83,2	0,4175	0,2515
83,25	0,4555	0,269
83,3	0,4865	0,286
83,35	0,51	0,3055
83,4	0,52	0,324
83,45	0,526	0,345
83,5	0,5205	0,3635
83,55	0,509	0,382
83,6	0,49	0,3985
83,65	0,464	0,4115
83,7	0,427	0,42
83,75	0,3945	0,43
83,8	0,352	0,4265
83,85	0,3085	0,423
83,9	0,2595	0,413
83,95	0,2155	0,406
84	0,1705	0,3845
84,05	0,1285	0,3665
84,1	0,092	0,3415
84,15	0,0635	0,3165
84,2	0,0375	0,2805
84,25	0,0235	0,2505
84,3	0,0125	0,2105
84,35	0,0115	0,18
84,4	0,0175	0,146
84,45	0,0325	0,121
84,5	0,05	0,0925
84,55	0,0765	0,0755
84,6	0,104	0,0585
84,65	0,1365	0,0545
84,7	0,1685	0,0505
84,75	0,2045	0,057
84,8	0,235	0,0685
84,85	0,27	0,09
84,9	0,3005	0,1115
84,95	0,3345	0,142
85	0,3595	0,1775
85,05	0,3825	0,221
85,1	0,3995	0,2595
85,15	0,413	0,3075
85,2	0,416	0,35
85,25	0,4165	0,3955
85,3	0,411	0,433
85,35	0,4015	0,4685
85,4	0,3855	0,496
85,45	0,3725	0,523
85,5	0,352	0,536
85,55	0,3315	0,544
85,6	0,308	0,5415
85,65	0,287	0,534
85,7	0,262	0,5145
85,75	0,2415	0,491
85,8	0,2225	0,4575
85,85	0,207	0,4185
85,9	0,1925	0,37
85,95	0,181	0,325
86	0,169	0,2715
86,05	0,1625	0,2225
86,1	0,153	0,171
86,15	0,154	0,128
86,2	0,1545	0,082
86,25	0,1585	0,0485
86,3	0,1605	0,018
86,35	0,1665	-0,006
86,4	0,173	-0,022
86,45	0,1805	-0,025
86,5	0,1815	-0,0205
86,55	0,191	-0,0045
86,6	0,1975	0,016
86,65	0,2045	0,052
86,7	0,209	0,086
86,75	0,2195	0,133
86,8	0,2245	0,1805
86,85	0,2315	0,234
86,9	0,241	0,287
86,95	0,2525	0,3425
87	0,256	0,3875
87,05	0,265	0,438
87,1	0,274	0,4775
87,15	0,285	0,5145
87,2	0,29	0,54
87,25	0,2985	0,5605
87,3	0,304	0,5685
87,35	0,3165	0,5695
87,4	0,322	0,5575
87,45	0,333	0,54
87,5	0,3405	0,511
87,55	0,345	0,4815
87,6	0,346	0,4415
87,65	0,3495	0,3965
87,7	0,3455	0,3425
87,75	0,3415	0,295
87,8	0,331	0,2415
87,85	0,3205	0,195
87,9	0,3045	0,1465
87,95	0,2905	0,108
88	0,2715	0,0725
88,05	0,2535	0,0435
88,1	0,23	0,02
88,15	0,211	0,0085
88,2	0,187	0,0055
88,25	0,163	0,0105
88,3	0,1395	0,0215
88,35	0,12	0,04
88,4	0,1005	0,067
88,45	0,0895	0,1025
88,5	0,0765	0,137
88,55	0,0725	0,181
