MIN=0	-1	-1
MAX=160	1	1
SCALE=160	0,5	0,5
DEC=2	3	3
DEF="Zeit" t / s	"Spannung" U_A1 / V	"Spannung" U_B1 / V
0	0,3585	-0,152
0,05	0,35	-0,116
0,1	0,3485	-0,0675
0,15	0,3415	-0,0135
0,2	0,337	0,0435
0,25	0,331	0,0995
0,3	0,3345	0,1595
0,35	0,335	0,2165
0,4	0,342	0,277
0,45	0,3455	0,328
0,5	0,3555	0,3745
0,55	0,3655	0,413
0,6	0,377	0,4445
0,65	0,3885	0,4665
0,7	0,404	0,483
0,75	0,4165	0,4895
0,8	0,4325	0,486
0,85	0,4445	0,4665
0,9	0,459	0,444
0,95	0,4715	0,4095
1	0,481	0,366
1,05	0,49	0,319
1,1	0,4965	0,27
1,15	0,4995	0,2115
1,2	0,5035	0,1545
1,25	0,5	0,095
1,3	0,498	0,035
1,35	0,4915	-0,022
1,4	0,484	-0,0705
1,45	0,472	-0,1175
1,5	0,4605	-0,1565
1,55	0,4465	-0,187
1,6	0,433	-0,2075
1,65	0,4175	-0,22
1,7	0,4005	-0,222
1,75	0,384	-0,215
1,8	0,369	-0,196
1,85	0,3525	-0,175
1,9	0,3365	-0,135
1,95	0,3245	-0,098
2	0,314	-0,0495
2,05	0,306	0,004
2,1	0,302	0,0575
2,15	0,3015	0,1145
2,2	0,3045	0,174
2,25	0,308	0,232
2,3	0,316	0,2855
2,35	0,3235	0,3315
2,4	0,3345	0,3765
2,45	0,346	0,412
2,5	0,3625	0,442
2,55	0,3815	0,4635
2,6	0,4025	0,4745
2,65	0,42	0,476
2,7	0,4415	0,4695
2,75	0,4595	0,4515
2,8	0,4775	0,427
2,85	0,495	0,3905
2,9	0,511	0,349
2,95	0,5195	0,3
3	0,5285	0,25
3,05	0,5345	0,1955
3,1	0,5375	0,1405
3,15	0,5385	0,0815
3,2	0,534	0,024
3,25	0,5235	-0,027
3,3	0,511	-0,074
3,35	0,497	-0,117
3,4	0,481	-0,1545
3,45	0,463	-0,1805
3,5	0,442	-0,199
3,55	0,4185	-0,2075
3,6	0,3975	-0,2105
3,65	0,3765	-0,202
3,7	0,3535	-0,1845
3,75	0,334	-0,157
3,8	0,3135	-0,1195
3,85	0,2985	-0,0765
3,9	0,284	-0,03
3,95	0,273	0,0195
4	0,2675	0,071
4,05	0,266	0,1295
4,1	0,2665	0,187
4,15	0,2715	0,2395
4,2	0,28	0,288
4,25	0,2925	0,337
4,3	0,3105	0,3785
4,35	0,333	0,4115
4,4	0,3535	0,436
4,45	0,379	0,4555
4,5	0,4005	0,4625
4,55	0,431	0,4615
4,6	0,4545	0,4495
4,65	0,4785	0,434
4,7	0,4995	0,4045
4,75	0,522	0,369
4,8	0,5355	0,328
4,85	0,5555	0,28
4,9	0,563	0,232
4,95	0,57	0,181
5	0,5705	0,1225
5,05	0,5665	0,07
5,1	0,557	0,0165
5,15	0,5475	-0,0305
5,2	0,53	-0,077
5,25	0,5135	-0,115
5,3	0,4885	-0,152
5,35	0,4635	-0,1745
5,4	0,4375	-0,1885
5,45	0,411	-0,194
5,5	0,382	-0,196
5,55	0,3585	-0,185
5,6	0,332	-0,165
5,65	0,308	-0,136
5,7	0,2855	-0,1025
5,75	0,269	-0,0605
5,8	0,254	-0,0175
5,85	0,2425	0,035
5,9	0,2375	0,0885
5,95	0,2365	0,143
6	0,236	0,195
6,05	0,2445	0,247
6,1	0,254	0,293
6,15	0,2725	0,3365
6,2	0,2925	0,3715
6,25	0,32	0,404
6,3	0,346	0,4265
6,35	0,376	0,442
6,4	0,4045	0,447
6,45	0,4355	0,443
6,5	0,4665	0,426
6,55	0,4955	0,4095
6,6	0,52	0,379
6,65	0,546	0,3455
6,7	0,564	0,3055
6,75	0,581	0,263
6,8	0,5885	0,2145
6,85	0,6	0,1645
6,9	0,601	0,112
6,95	0,599	0,0615
7	0,5915	0,0085
7,05	0,579	-0,032
7,1	0,558	-0,0745
7,15	0,535	-0,108
7,2	0,506	-0,136
7,25	0,4775	-0,1555
7,3	0,442	-0,1715
7,35	0,4095	-0,1735
7,4	0,375	-0,1715
7,45	0,3465	-0,156
7,5	0,3165	-0,138
7,55	0,2895	-0,108
7,6	0,261	-0,074
7,65	0,2395	-0,0335
7,7	0,2225	0,007
7,75	0,214	0,0555
7,8	0,2065	0,1025
7,85	0,205	0,1555
7,9	0,2085	0,2015
7,95	0,22	0,252
8	0,2355	0,2955
8,05	0,2585	0,337
8,1	0,283	0,369
8,15	0,315	0,395
8,2	0,3425	0,411
8,25	0,379	0,425
8,3	0,414	0,4255
8,35	0,4535	0,4215
8,4	0,484	0,408
8,45	0,5185	0,3895
8,5	0,5475	0,362
8,55	0,577	0,329
8,6	0,5945	0,287
8,65	0,614	0,2445
8,7	0,6235	0,195
8,75	0,6325	0,1505
8,8	0,633	0,1
8,85	0,63	0,055
8,9	0,6165	0,0065
8,95	0,598	-0,031
9	0,572	-0,0695
9,05	0,548	-0,0965
9,1	0,516	-0,122
9,15	0,482	-0,14
9,2	0,4425	-0,1505
9,25	0,4055	-0,149
9,3	0,3635	-0,1445
9,35	0,3315	-0,1285
9,4	0,2955	-0,1135
9,45	0,2665	-0,0845
9,5	0,2375	-0,0535
9,55	0,214	-0,0135
9,6	0,1955	0,028
9,65	0,185	0,074
9,7	0,179	0,122
9,75	0,1805	0,1675
9,8	0,1885	0,213
9,85	0,202	0,2545
9,9	0,221	0,291
9,95	0,248	0,325
10	0,2755	0,3565
10,05	0,309	0,381
10,1	0,3465	0,3955
10,15	0,387	0,403
10,2	0,423	0,4065
10,25	0,466	0,4005
10,3	0,504	0,384
10,35	0,5385	0,3635
10,4	0,572	0,337
10,45	0,6005	0,3035
10,5	0,624	0,261
10,55	0,645	0,222
10,6	0,656	0,178
10,65	0,661	0,1365
10,7	0,6595	0,092
10,75	0,6485	0,049
10,8	0,63	0,0045
10,85	0,6085	-0,03
10,9	0,584	-0,0635
10,95	0,553	-0,0905
11	0,514	-0,112
11,05	0,4745	-0,1235
11,1	0,433	-0,132
11,15	0,393	-0,129
11,2	0,352	-0,124
11,25	0,311	-0,1085
11,3	0,2705	-0,0875
11,35	0,2365	-0,0605
11,4	0,2065	-0,027
11,45	0,184	0,007
11,5	0,166	0,0475
11,55	0,1545	0,0875
11,6	0,1535	0,1295
11,65	0,156	0,1715
11,7	0,168	0,212
11,75	0,183	0,254
11,8	0,2065	0,2875
11,85	0,235	0,3165
11,9	0,267	0,3415
11,95	0,303	0,358
12	0,3465	0,3695
12,05	0,394	0,3795
12,1	0,44	0,3815
12,15	0,4845	0,375
12,2	0,5245	0,3595
12,25	0,562	0,3385
12,3	0,5985	0,31
12,35	0,633	0,2785
12,4	0,658	0,2445
12,45	0,674	0,206
12,5	0,6855	0,1665
12,55	0,6895	0,1255
12,6	0,6855	0,0845
12,65	0,6705	0,0495
12,7	0,653	0,013
12,75	0,6255	-0,0195
12,8	0,5945	-0,0475
12,85	0,5565	-0,072
12,9	0,518	-0,09
12,95	0,4715	-0,102
13	0,427	-0,104
13,05	0,378	-0,105
13,1	0,3355	-0,091
13,15	0,2895	-0,0775
13,2	0,2515	-0,0585
13,25	0,213	-0,034
13,3	0,1835	-0,003
13,35	0,1585	0,0265
13,4	0,1405	0,0655
13,45	0,1295	0,1015
13,5	0,1265	0,1385
13,55	0,1305	0,175
13,6	0,1435	0,2125
13,65	0,163	0,2455
13,7	0,191	0,277
13,75	0,2255	0,301
13,8	0,265	0,3235
13,85	0,3085	0,341
13,9	0,356	0,3495
13,95	0,4025	0,3515
14	0,453	0,3535
14,05	0,498	0,342
14,1	0,5465	0,329
14,15	0,5885	0,307
14,2	0,626	0,2855
14,25	0,6555	0,2545
14,3	0,684	0,225
14,35	0,699	0,1905
14,4	0,7085	0,155
14,45	0,7065	0,1175
14,5	0,7005	0,082
14,55	0,6865	0,0465
14,6	0,665	0,016
14,65	0,633	-0,015
14,7	0,5975	-0,0345
14,75	0,554	-0,0535
14,8	0,5095	-0,0665
14,85	0,46	-0,0765
14,9	0,413	-0,0775
14,95	0,3615	-0,075
15	0,3165	-0,066
15,05	0,27	-0,0545
15,1	0,228	-0,0325
15,15	0,1895	-0,0125
15,2	0,1605	0,0185
15,25	0,133	0,0455
15,3	0,1185	0,082
15,35	0,1105	0,112
15,4	0,1105	0,1435
15,45	0,114	0,1755
15,5	0,13	0,208
15,55	0,153	0,233
15,6	0,1855	0,2605
15,65	0,22	0,279
15,7	0,267	0,3
15,75	0,3145	0,313
15,8	0,3635	0,323
15,85	0,413	0,3235
15,9	0,4665	0,3215
15,95	0,5155	0,3095
16	0,5645	0,298
16,05	0,608	0,2765
16,1	0,647	0,259
16,15	0,675	0,23
16,2	0,7025	0,2035
16,25	0,716	0,1765
16,3	0,726	0,1475
16,35	0,722	0,113
16,4	0,7155	0,0835
16,45	0,6965	0,0545
16,5	0,6725	0,0295
16,55	0,637	0,0045
16,6	0,601	-0,0115
16,65	0,556	-0,0275
16,7	0,5095	-0,0355
16,75	0,4555	-0,0425
16,8	0,4025	-0,0415
16,85	0,3465	-0,0405
16,9	0,2955	-0,0315
16,95	0,2475	-0,0235
17	0,2075	-0,0015
17,05	0,1655	0,017
17,1	0,1365	0,043
17,15	0,111	0,065
17,2	0,0935	0,094
17,25	0,0835	0,1185
17,3	0,088	0,1515
17,35	0,1005	0,177
17,4	0,1195	0,2035
17,45	0,1465	0,2255
17,5	0,1825	0,249
17,55	0,2205	0,2615
17,6	0,27	0,278
17,65	0,3205	0,2875
17,7	0,3745	0,2945
17,75	0,4295	0,2935
17,8	0,4835	0,2905
17,85	0,535	0,281
17,9	0,586	0,268
17,95	0,63	0,2495
18	0,6675	0,233
18,05	0,697	0,208
18,1	0,722	0,1865
18,15	0,736	0,1605
18,2	0,7445	0,136
18,25	0,741	0,1095
18,3	0,732	0,09
18,35	0,71	0,068
18,4	0,684	0,0505
18,45	0,6445	0,027
18,5	0,6015	0,0115
18,55	0,5505	-0,0025
18,6	0,4985	-0,01
18,65	0,442	-0,016
18,7	0,39	-0,0145
18,75	0,334	-0,013
18,8	0,281	-0,0025
18,85	0,232	0,01
18,9	0,1905	0,026
18,95	0,153	0,0395
19	0,1205	0,06
19,05	0,0955	0,078
19,1	0,08	0,103
19,15	0,076	0,1235
19,2	0,0825	0,1485
19,25	0,095	0,1715
19,3	0,1185	0,193
19,35	0,1475	0,2075
19,4	0,1825	0,225
19,45	0,225	0,238
19,5	0,2745	0,2505
19,55	0,328	0,2565
19,6	0,3835	0,261
19,65	0,442	0,2595
19,7	0,501	0,2545
19,75	0,5545	0,2475
19,8	0,6035	0,2385
19,85	0,6485	0,225
19,9	0,687	0,2135
19,95	0,718	0,194
20	0,7425	0,1755
20,05	0,754	0,155
20,1	0,7585	0,1375
20,15	0,7525	0,117
20,2	0,74	0,094
20,25	0,7165	0,0765
20,3	0,685	0,0615
20,35	0,644	0,0475
20,4	0,595	0,033
20,45	0,543	0,0275
20,5	0,488	0,025
20,55	0,4305	0,022
20,6	0,374	0,021
20,65	0,3165	0,024
20,7	0,261	0,033
20,75	0,2125	0,0405
20,8	0,1675	0,0515
20,85	0,132	0,0655
20,9	0,101	0,0825
20,95	0,0795	0,099
21	0,0635	0,114
21,05	0,062	0,1305
21,1	0,0675	0,1465
21,15	0,0855	0,1615
21,2	0,11	0,1795
21,25	0,1425	0,1935
21,3	0,182	0,2015
21,35	0,2355	0,2135
21,4	0,2875	0,2185
21,45	0,3425	0,225
21,5	0,399	0,2265
21,55	0,4585	0,225
21,6	0,513	0,22
21,65	0,568	0,2165
21,7	0,6175	0,2035
21,75	0,6625	0,196
21,8	0,6995	0,1815
21,85	0,731	0,1735
21,9	0,7495	0,158
21,95	0,764	0,1435
22	0,7655	0,13
22,05	0,76	0,1175
22,1	0,7425	0,1025
22,15	0,716	0,0925
22,2	0,6765	0,0785
22,25	0,6355	0,0735
22,3	0,5845	0,0645
22,35	0,5295	0,0595
22,4	0,47	0,0515
22,45	0,414	0,054
22,5	0,356	0,0525
22,55	0,2975	0,0565
22,6	0,243	0,0615
22,65	0,1935	0,069
22,7	0,15	0,0755
22,75	0,1135	0,0895
22,8	0,085	0,0975
22,85	0,0655	0,1105
22,9	0,0535	0,121
22,95	0,055	0,1315
23	0,061	0,1405
23,05	0,0825	0,154
23,1	0,108	0,16
23,15	0,1465	0,17
23,2	0,1885	0,1785
23,25	0,24	0,186
23,3	0,292	0,1895
23,35	0,351	0,191
23,4	0,413	0,194
23,45	0,4735	0,192
23,5	0,529	0,1875
23,55	0,585	0,186
23,6	0,635	0,1795
23,65	0,6785	0,174
23,7	0,7125	0,166
23,75	0,742	0,159
23,8	0,7615	0,1475
23,85	0,774	0,1425
23,9	0,7715	0,131
23,95	0,7635	0,126
24	0,741	0,1195
24,05	0,713	0,116
24,1	0,6745	0,105
24,15	0,6285	0,1025
24,2	0,5775	0,093
24,25	0,5235	0,094
24,3	0,464	0,0915
24,35	0,406	0,0915
24,4	0,3425	0,091
24,45	0,286	0,0965
24,5	0,229	0,095
24,55	0,182	0,0985
24,6	0,1385	0,0995
24,65	0,104	0,1065
24,7	0,0745	0,111
24,75	0,058	0,117
24,8	0,0475	0,1225
24,85	0,05	0,127
24,9	0,0615	0,134
24,95	0,0835	0,1405
25	0,1115	0,1435
25,05	0,1555	0,1485
25,1	0,198	0,149
25,15	0,254	0,1525
25,2	0,3075	0,152
25,25	0,3665	0,1535
25,3	0,427	0,1545
25,35	0,4915	0,1545
25,4	0,547	0,1535
25,45	0,603	0,1535
25,5	0,6505	0,1485
25,55	0,6975	0,148
25,6	0,7295	0,1475
25,65	0,756	0,1475
25,7	0,771	0,14
25,75	0,7775	0,1385
25,8	0,7715	0,132
25,85	0,7595	0,1335
25,9	0,7335	0,13
25,95	0,702	0,133
26	0,658	0,129
26,05	0,612	0,132
26,1	0,5605	0,129
26,15	0,505	0,127
26,2	0,4445	0,124
26,25	0,3865	0,1285
26,3	0,3255	0,1235
26,35	0,2675	0,124
26,4	0,213	0,1225
26,45	0,1635	0,1265
26,5	0,1225	0,124
26,55	0,091	0,127
26,6	0,0635	0,1235
26,65	0,0505	0,121
26,7	0,046	0,118
26,75	0,0555	0,1185
26,8	0,072	0,119
26,85	0,0945	0,1195
26,9	0,122	0,1195
26,95	0,165	0,1195
27	0,2125	0,1165
27,05	0,2665	0,1215
27,1	0,324	0,118
27,15	0,382	0,1205
27,2	0,439	0,118
27,25	0,5025	0,121
27,3	0,558	0,121
27,35	0,6155	0,125
27,4	0,662	0,1265
27,45	0,699	0,1265
27,5	0,7315	0,128
27,55	0,754	0,133
27,6	0,7685	0,134
27,65	0,7745	0,1415
27,7	0,766	0,1445
27,75	0,754	0,149
27,8	0,7295	0,148
27,85	0,695	0,154
27,9	0,6505	0,155
27,95	0,5995	0,162
28	0,545	0,1605
28,05	0,489	0,159
28,1	0,4275	0,1615
28,15	0,3685	0,16
28,2	0,3095	0,158
28,25	0,253	0,155
28,3	0,2035	0,1505
28,35	0,159	0,1475
28,4	0,1215	0,142
28,45	0,0925	0,1395
28,5	0,07	0,132
28,55	0,0575	0,125
28,6	0,053	0,1205
28,65	0,0615	0,1135
28,7	0,079	0,108
28,75	0,1035	0,1005
28,8	0,1385	0,094
28,85	0,18	0,0895
28,9	0,2275	0,0865
28,95	0,279	0,0825
29	0,3365	0,085
29,05	0,397	0,0835
29,1	0,4565	0,085
29,15	0,513	0,0895
29,2	0,5725	0,0955
29,25	0,6235	0,097
29,3	0,6695	0,1025
29,35	0,7065	0,1095
29,4	0,739	0,1185
29,45	0,757	0,127
29,5	0,7715	0,138
29,55	0,7725	0,1475
29,6	0,7655	0,1585
29,65	0,746	0,165
29,7	0,7215	0,175
29,75	0,6845	0,1795
29,8	0,641	0,1855
29,85	0,591	0,191
29,9	0,5375	0,195
29,95	0,48	0,1925
30	0,425	0,194
30,05	0,3615	0,193
30,1	0,305	0,19
30,15	0,2475	0,184
30,2	0,2005	0,177
30,25	0,1545	0,168
30,3	0,1185	0,16
30,35	0,09	0,1465
30,4	0,0715	0,135
30,45	0,06	0,1225
30,5	0,062	0,1155
30,55	0,067	0,1025
30,6	0,086	0,091
30,65	0,111	0,08
30,7	0,1485	0,0705
30,75	0,1915	0,062
30,8	0,2425	0,0585
30,85	0,295	0,0525
30,9	0,3555	0,052
30,95	0,412	0,0505
31	0,4715	0,0555
31,05	0,5255	0,0585
31,1	0,5815	0,0695
31,15	0,6285	0,076
31,2	0,6735	0,09
31,25	0,7065	0,1
31,3	0,7355	0,113
31,35	0,753	0,125
31,4	0,764	0,1425
31,45	0,76	0,152
31,5	0,7495	0,168
31,55	0,7285	0,1815
31,6	0,702	0,198
31,65	0,6635	0,2085
31,7	0,621	0,2205
31,75	0,5685	0,224
31,8	0,518	0,2275
31,85	0,459	0,227
31,9	0,4015	0,233
31,95	0,344	0,2295
32	0,291	0,223
32,05	0,2365	0,211
32,1	0,192	0,2
32,15	0,149	0,1825
32,2	0,118	0,174
32,25	0,091	0,1555
32,3	0,0775	0,1415
32,35	0,0665	0,119
32,4	0,069	0,1045
32,45	0,078	0,083
32,5	0,1	0,071
32,55	0,128	0,056
32,6	0,1665	0,044
32,65	0,208	0,032
32,7	0,26	0,0255
32,75	0,312	0,017
32,8	0,3675	0,0165
32,85	0,4255	0,017
32,9	0,4855	0,025
32,95	0,5365	0,029
33	0,5885	0,0445
33,05	0,632	0,054
33,1	0,6735	0,0725
33,15	0,704	0,0865
33,2	0,731	0,1065
33,25	0,7455	0,124
33,3	0,755	0,146
33,35	0,748	0,1625
33,4	0,736	0,185
33,45	0,712	0,2035
33,5	0,684	0,2235
33,55	0,6475	0,235
33,6	0,607	0,25
33,65	0,5555	0,256
33,7	0,504	0,2625
33,75	0,447	0,262
33,8	0,39	0,2625
33,85	0,3325	0,254
33,9	0,2805	0,247
33,95	0,2295	0,2315
34	0,189	0,2155
34,05	0,1505	0,1945
34,1	0,1215	0,1775
34,15	0,0985	0,1535
34,2	0,084	0,133
34,25	0,075	0,1085
34,3	0,0815	0,088
34,35	0,0935	0,064
34,4	0,1195	0,044
34,45	0,1505	0,0255
34,5	0,186	0,0105
34,55	0,2275	-0,0015
34,6	0,2775	-0,009
34,65	0,3295	-0,0135
34,7	0,3845	-0,0145
34,75	0,439	-0,013
34,8	0,494	-0,005
34,85	0,547	0,004
34,9	0,598	0,0185
34,95	0,6395	0,034
35	0,6765	0,0575
35,05	0,7045	0,0815
35,1	0,7275	0,1065
35,15	0,7365	0,1305
35,2	0,741	0,155
35,25	0,732	0,177
35,3	0,7175	0,2035
35,35	0,692	0,2285
35,4	0,6645	0,2495
35,45	0,629	0,264
35,5	0,5865	0,28
35,55	0,5375	0,287
35,6	0,486	0,2925
35,65	0,431	0,2935
35,7	0,379	0,2925
35,75	0,3245	0,2865
35,8	0,2755	0,2745
35,85	0,228	0,2565
35,9	0,1875	0,2375
35,95	0,1545	0,212
36	0,1265	0,1855
36,05	0,107	0,1585
36,1	0,0955	0,133
36,15	0,093	0,103
36,2	0,1005	0,0755
36,25	0,1165	0,0495
36,3	0,139	0,0255
36,35	0,169	0,003
36,4	0,209	-0,0165
36,45	0,251	-0,033
36,5	0,2975	-0,043
36,55	0,348	-0,049
36,6	0,3995	-0,0465
36,65	0,452	-0,041
36,7	0,5045	-0,0315
36,75	0,5525	-0,0185
36,8	0,5975	0,001
36,85	0,635	0,0215
36,9	0,6685	0,048
36,95	0,693	0,0745
37	0,71	0,1055
37,05	0,7175	0,1355
37,1	0,721	0,1675
37,15	0,714	0,197
37,2	0,699	0,227
37,25	0,6765	0,253
37,3	0,645	0,275
37,35	0,6085	0,294
37,4	0,5645	0,3055
37,45	0,5195	0,3165
37,5	0,4705	0,321
37,55	0,4205	0,322
37,6	0,369	0,3155
37,65	0,3205	0,3035
37,7	0,273	0,289
37,75	0,229	0,2695
37,8	0,19	0,244
37,85	0,159	0,2175
37,9	0,1355	0,184
37,95	0,1205	0,1555
38	0,1125	0,124
38,05	0,114	0,0885
38,1	0,12	0,056
38,15	0,139	0,026
38,2	0,1605	-0,002
38,25	0,1945	-0,027
38,3	0,23	-0,0495
38,35	0,275	-0,062
38,4	0,316	-0,071
38,45	0,364	-0,0775
38,5	0,4115	-0,077
38,55	0,4635	-0,0695
38,6	0,5055	-0,059
38,65	0,552	-0,0375
38,7	0,593	-0,017
38,75	0,627	0,0085
38,8	0,655	0,0385
38,85	0,6795	0,0755
38,9	0,692	0,104
38,95	0,702	0,142
39	0,7015	0,1785
39,05	0,693	0,214
39,1	0,6725	0,2465
39,15	0,648	0,2775
39,2	0,619	0,3
39,25	0,583	0,324
39,3	0,541	0,3385
39,35	0,4985	0,3485
39,4	0,452	0,3515
39,45	0,4055	0,352
39,5	0,359	0,3425
39,55	0,3145	0,3325
39,6	0,271	0,3105
39,65	0,234	0,2875
39,7	0,1995	0,2545
39,75	0,1745	0,225
39,8	0,1485	0,188
39,85	0,1375	0,1525
39,9	0,1295	0,1125
39,95	0,134	0,077
40	0,1415	0,0385
40,05	0,16	0,006
40,1	0,1845	-0,0305
40,15	0,2155	-0,054
40,2	0,25	-0,0775
40,25	0,2915	-0,088
40,3	0,3345	-0,102
40,35	0,3795	-0,1045
40,4	0,4235	-0,101
40,45	0,4695	-0,0915
40,5	0,509	-0,08
40,55	0,55	-0,059
40,6	0,584	-0,0315
40,65	0,617	0,004
40,7	0,6405	0,039
40,75	0,661	0,078
40,8	0,674	0,115
40,85	0,6815	0,1575
40,9	0,6785	0,1955
40,95	0,669	0,2325
41	0,651	0,268
41,05	0,6265	0,303
41,1	0,5965	0,33
41,15	0,563	0,3515
41,2	0,5245	0,3645
41,25	0,4845	0,3785
41,3	0,4415	0,3805
41,35	0,4	0,377
41,4	0,355	0,363
41,45	0,316	0,3475
41,5	0,278	0,325
41,55	0,245	0,298
41,6	0,2155	0,263
41,65	0,1915	0,227
41,7	0,1715	0,1845
41,75	0,162	0,143
41,8	0,1595	0,0975
41,85	0,164	0,0575
41,9	0,173	0,018
41,95	0,1905	-0,0165
42	0,2135	-0,0525
42,05	0,2415	-0,0785
42,1	0,2725	-0,101
42,15	0,3095	-0,119
42,2	0,3485	-0,13
42,25	0,3895	-0,1285
42,3	0,43	-0,123
42,35	0,4735	-0,1085
42,4	0,5095	-0,093
42,45	0,5465	-0,0655
42,5	0,577	-0,0355
42,55	0,604	0
42,6	0,6245	0,0375
42,65	0,644	0,084
42,7	0,6515	0,125
42,75	0,656	0,168
42,8	0,6515	0,2115
42,85	0,643	0,2545
42,9	0,624	0,292
42,95	0,601	0,3265
43	0,572	0,3525
43,05	0,541	0,3765
43,1	0,504	0,3895
43,15	0,468	0,3995
43,2	0,4265	0,3985
43,25	0,3885	0,3955
43,3	0,3485	0,3815
43,35	0,315	0,363
43,4	0,28	0,3345
43,45	0,253	0,305
43,5	0,227	0,264
43,55	0,208	0,227
43,6	0,1945	0,177
43,65	0,187	0,1335
43,7	0,184	0,086
43,75	0,1905	0,045
43,8	0,1995	-0,001
43,85	0,217	-0,04
43,9	0,2355	-0,078
43,95	0,2625	-0,104
44	0,2895	-0,1315
44,05	0,323	-0,144
44,1	0,3585	-0,1535
44,15	0,399	-0,151
44,2	0,4325	-0,1445
44,25	0,471	-0,128
44,3	0,5045	-0,1075
44,35	0,5365	-0,0785
44,4	0,5615	-0,0445
44,45	0,587	-0,0025
44,5	0,605	0,038
44,55	0,617	0,087
44,6	0,6225	0,1355
44,65	0,625	0,186
44,7	0,6205	0,23
44,75	0,6095	0,2755
44,8	0,5935	0,313
44,85	0,576	0,349
44,9	0,5485	0,3775
44,95	0,521	0,404
45	0,488	0,416
45,05	0,4575	0,4235
45,1	0,4215	0,422
45,15	0,3875	0,4125
45,2	0,3515	0,397
45,25	0,32	0,3735
45,3	0,288	0,3425
45,35	0,2675	0,3055
45,4	0,248	0,2665
45,45	0,232	0,2215
45,5	0,2185	0,1695
45,55	0,2135	0,123
45,6	0,213	0,068
45,65	0,2185	0,025
45,7	0,229	-0,02
45,75	0,246	-0,062
45,8	0,2655	-0,098
45,85	0,2865	-0,124
45,9	0,312	-0,1485
45,95	0,343	-0,1615
46	0,375	-0,1725
46,05	0,409	-0,17
46,1	0,4405	-0,1585
46,15	0,4705	-0,1415
46,2	0,4985	-0,1175
46,25	0,5265	-0,0845
46,3	0,55	-0,0435
46,35	0,5705	0,004
46,4	0,5815	0,0475
46,45	0,5915	0,098
46,5	0,5965	0,1495
46,55	0,597	0,2015
46,6	0,59	0,2505
46,65	0,579	0,295
46,7	0,563	0,338
46,75	0,5465	0,375
46,8	0,527	0,402
46,85	0,501	0,4245
46,9	0,4755	0,4395
46,95	0,4455	0,4455
47	0,416	0,4415
47,05	0,388	0,432
47,1	0,3605	0,4095
47,15	0,333	0,3845
47,2	0,3105	0,348
47,25	0,288	0,3085
47,3	0,2735	0,2635
47,35	0,2565	0,2145
47,4	0,2505	0,163
47,45	0,2455	0,112
47,5	0,247	0,063
47,55	0,2515	0,0055
47,6	0,2605	-0,041
47,65	0,273	-0,0835
47,7	0,291	-0,1175
47,75	0,309	-0,148
47,8	0,333	-0,1695
47,85	0,357	-0,1835
47,9	0,386	-0,188
47,95	0,409	-0,1835
48	0,44	-0,1705
48,05	0,4625	-0,1505
48,1	0,488	-0,122
48,15	0,508	-0,085
48,2	0,5285	-0,0405
48,25	0,5435	0,006
48,3	0,556	0,0615
48,35	0,562	0,113
48,4	0,5655	0,166
48,45	0,563	0,2195
48,5	0,5605	0,269
48,55	0,5495	0,3155
48,6	0,537	0,3565
48,65	0,5215	0,3885
48,7	0,5025	0,4225
48,75	0,479	0,4435
48,8	0,4565	0,455
48,85	0,4335	0,4565
48,9	0,4125	0,4555
48,95	0,388	0,44
49	0,3665	0,4185
49,05	0,3445	0,3875
49,1	0,327	0,3495
49,15	0,307	0,3065
49,2	0,2935	0,254
49,25	0,2845	0,2005
49,3	0,2785	0,147
49,35	0,2735	0,0945
49,4	0,2795	0,039
49,45	0,284	-0,014
49,5	0,292	-0,0605
49,55	0,305	-0,104
49,6	0,3185	-0,1345
49,65	0,334	-0,166
49,7	0,3545	-0,1875
49,75	0,374	-0,203
49,8	0,3955	-0,203
49,85	0,417	-0,196
49,9	0,436	-0,1795
49,95	0,4585	-0,159
50	0,4765	-0,124
50,05	0,4915	-0,0855
50,1	0,5085	-0,0375
50,15	0,5175	0,01
50,2	0,5265	0,0635
50,25	0,529	0,117
50,3	0,5335	0,174
50,35	0,5325	0,2295
50,4	0,5295	0,2835
50,45	0,519	0,328
50,5	0,5115	0,373
50,55	0,4955	0,408
50,6	0,4835	0,4365
50,65	0,467	0,4545
50,7	0,4475	0,471
50,75	0,425	0,4715
50,8	0,407	0,464
50,85	0,388	0,4445
50,9	0,373	0,418
50,95	0,356	0,384
51	0,3425	0,347
51,05	0,329	0,2955
51,1	0,32	0,248
51,15	0,3135	0,1905
51,2	0,311	0,1355
51,25	0,311	0,079
51,3	0,3125	0,025
51,35	0,3155	-0,0325
51,4	0,322	-0,0775
51,45	0,3295	-0,118
51,5	0,342	-0,156
51,55	0,3555	-0,183
51,6	0,3695	-0,2015
51,65	0,383	-0,2145
51,7	0,401	-0,21
51,75	0,4155	-0,203
51,8	0,4335	-0,183
51,85	0,447	-0,1605
51,9	0,46	-0,1195
51,95	0,468	-0,08
52	0,479	-0,032
52,05	0,488	0,0195
52,1	0,4955	0,0775
52,15	0,4965	0,133
52,2	0,4985	0,194
52,25	0,495	0,245
52,3	0,4925	0,3005
52,35	0,485	0,343
52,4	0,4805	0,3875
52,45	0,47	0,423
52,5	0,459	0,452
52,55	0,446	0,4655
52,6	0,4345	0,476
52,65	0,423	0,473
52,7	0,409	0,467
52,75	0,3935	0,4445
52,8	0,3845	0,4185
52,85	0,3715	0,3795
52,9	0,3635	0,338
52,95	0,3555	0,289
53	0,3515	0,235
53,05	0,3475	0,177
53,1	0,345	0,121
53,15	0,3425	0,0605
53,2	0,3435	0,0065
53,25	0,3445	-0,045
53,3	0,35	-0,0925
53,35	0,3525	-0,135
53,4	0,363	-0,1675
53,45	0,371	-0,1965
53,5	0,382	-0,2135
53,55	0,388	-0,2225
53,6	0,399	-0,217
53,65	0,4085	-0,2075
53,7	0,4165	-0,1875
53,75	0,4275	-0,1575
53,8	0,437	-0,119
53,85	0,443	-0,0745
53,9	0,4495	-0,021
53,95	0,4535	0,031
54	0,459	0,0915
54,05	0,462	0,148
54,1	0,4645	0,206
54,15	0,463	0,2615
54,2	0,463	0,3155
54,25	0,456	0,363
54,3	0,454	0,405
54,35	0,449	0,4375
54,4	0,445	0,4645
54,45	0,436	0,4755
54,5	0,429	0,483
54,55	0,4225	0,48
54,6	0,417	0,4685
54,65	0,408	0,444
54,7	0,4	0,413
54,75	0,3955	0,375
54,8	0,3935	0,33
54,85	0,3895	0,279
54,9	0,387	0,226
54,95	0,383	0,166
55	0,3835	0,107
55,05	0,382	0,048
55,1	0,379	-0,006
55,15	0,3795	-0,06
55,2	0,383	-0,1065
55,25	0,385	-0,1465
55,3	0,387	-0,1805
55,35	0,3905	-0,205
55,4	0,3955	-0,2205
55,45	0,398	-0,226
55,5	0,4015	-0,22
55,55	0,4045	-0,207
55,6	0,408	-0,183
55,65	0,413	-0,152
55,7	0,416	-0,109
55,75	0,417	-0,0625
55,8	0,4215	-0,0115
55,85	0,425	0,047
55,9	0,4275	0,1055
55,95	0,4305	0,1635
56	0,429	0,2215
56,05	0,4265	0,2775
56,1	0,428	0,3315
56,15	0,4285	0,373
56,2	0,4255	0,4115
56,25	0,4265	0,445
56,3	0,4275	0,4665
56,35	0,4275	0,4815
56,4	0,428	0,4855
56,45	0,4265	0,478
56,5	0,425	0,463
56,55	0,4235	0,438
56,6	0,4235	0,408
56,65	0,4225	0,368
56,7	0,421	0,3195
56,75	0,4185	0,265
56,8	0,4165	0,209
56,85	0,418	0,152
56,9	0,416	0,095
56,95	0,413	0,034
57	0,4125	-0,0205
57,05	0,4105	-0,071
57,1	0,4075	-0,1165
57,15	0,405	-0,156
57,2	0,4015	-0,1845
57,25	0,3995	-0,2045
57,3	0,3985	-0,2185
57,35	0,401	-0,2235
57,4	0,4	-0,218
57,45	0,3955	-0,201
57,5	0,3935	-0,177
57,55	0,394	-0,142
57,6	0,39	-0,0995
57,65	0,389	-0,049
57,7	0,389	0,0025
57,75	0,39	0,062
57,8	0,39	0,119
57,85	0,3915	0,178
57,9	0,393	0,236
57,95	0,398	0,2925
58	0,3995	0,3425
58,05	0,405	0,3875
58,1	0,4095	0,4195
58,15	0,4115	0,452
58,2	0,4135	0,4715
58,25	0,4205	0,4825
58,3	0,4265	0,4825
58,35	0,433	0,4755
58,4	0,436	0,4585
58,45	0,44	0,4315
58,5	0,442	0,393
58,55	0,447	0,3535
58,6	0,4485	0,3045
58,65	0,453	0,2525
58,7	0,451	0,19
58,75	0,453	0,1325
58,8	0,4475	0,0745
58,85	0,446	0,0195
58,9	0,443	-0,034
58,95	0,4405	-0,083
59	0,4335	-0,127
59,05	0,4265	-0,16
59,1	0,4185	-0,19
59,15	0,4125	-0,2065
59,2	0,4025	-0,2205
59,25	0,395	-0,2155
59,3	0,3855	-0,209
59,35	0,3805	-0,189
59,4	0,374	-0,1605
59,45	0,37	-0,124
59,5	0,3645	-0,0855
59,55	0,362	-0,0345
59,6	0,358	0,017
59,65	0,3585	0,074
59,7	0,3565	0,1295
59,75	0,359	0,192
59,8	0,361	0,2455
59,85	0,3675	0,302
59,9	0,373	0,35
59,95	0,384	0,394
60	0,389	0,4265
60,05	0,398	0,4535
60,1	0,405	0,4695
60,15	0,417	0,4795
60,2	0,4285	0,4785
60,25	0,437	0,469
60,3	0,446	0,4485
60,35	0,4595	0,417
60,4	0,4645	0,3795
60,45	0,4725	0,3385
60,5	0,477	0,287
60,55	0,4815	0,236
60,6	0,482	0,177
60,65	0,4855	0,1205
60,7	0,4815	0,062
60,75	0,4795	0,0105
60,8	0,4705	-0,045
60,85	0,464	-0,091
60,9	0,4545	-0,1335
60,95	0,4465	-0,165
61	0,435	-0,1935
61,05	0,422	-0,2065
61,1	0,408	-0,216
61,15	0,3945	-0,211
61,2	0,3785	-0,2005
61,25	0,3695	-0,177
61,3	0,3545	-0,1515
61,35	0,3435	-0,112
61,4	0,3335	-0,0715
61,45	0,328	-0,0175
61,5	0,3215	0,031
61,55	0,3225	0,0895
61,6	0,3235	0,1455
61,65	0,326	0,2045
61,7	0,328	0,257
61,75	0,3385	0,3125
61,8	0,349	0,354
61,85	0,3615	0,394
61,9	0,371	0,423
61,95	0,387	0,4515
62	0,402	0,4655
62,05	0,4225	0,474
62,1	0,4355	0,4665
62,15	0,453	0,453
62,2	0,4655	0,4315
62,25	0,48	0,4065
62,3	0,4895	0,3665
62,35	0,499	0,323
62,4	0,5045	0,271
62,45	0,513	0,219
62,5	0,517	0,161
62,55	0,517	0,1095
62,6	0,5115	0,0495
62,65	0,5065	-0,0025
62,7	0,4975	-0,0525
62,75	0,4875	-0,0955
62,8	0,473	-0,1335
62,85	0,4585	-0,16
62,9	0,4405	-0,1855
62,95	0,425	-0,199
63	0,406	-0,2045
63,05	0,3885	-0,2
63,1	0,368	-0,184
63,15	0,352	-0,162
63,2	0,332	-0,135
63,25	0,319	-0,0975
63,3	0,305	-0,0525
63,35	0,2965	-0,0015
63,4	0,2915	0,05
63,45	0,2895	0,106
63,5	0,2905	0,161
63,55	0,294	0,214
63,6	0,301	0,264
63,65	0,3145	0,313
63,7	0,326	0,355
63,75	0,342	0,3935
63,8	0,3575	0,419
63,85	0,379	0,4415
63,9	0,401	0,454
63,95	0,4225	0,4595
64	0,4445	0,4525
64,05	0,467	0,4395
64,1	0,483	0,4145
64,15	0,5025	0,386
64,2	0,518	0,348
64,25	0,534	0,3025
64,3	0,5425	0,254
64,35	0,5495	0,205
64,4	0,551	0,151
64,45	0,551	0,0985
64,5	0,544	0,044
64,55	0,534	-0,0075
64,6	0,5205	-0,056
64,65	0,5075	-0,0955
64,7	0,4905	-0,128
64,75	0,47	-0,16
64,8	0,446	-0,18
64,85	0,422	-0,189
64,9	0,3985	-0,1915
64,95	0,3755	-0,184
65	0,3515	-0,1715
65,05	0,328	-0,1445
65,1	0,3075	-0,114
65,15	0,2905	-0,0755
65,2	0,276	-0,033
65,25	0,2655	0,014
65,3	0,257	0,0675
65,35	0,253	0,117
65,4	0,256	0,1705
65,45	0,264	0,2225
65,5	0,273	0,269
65,55	0,286	0,313
65,6	0,303	0,356
65,65	0,3235	0,3925
65,7	0,349	0,418
65,75	0,3725	0,4365
65,8	0,401	0,445
65,85	0,429	0,444
65,9	0,4575	0,437
65,95	0,4825	0,4235
66	0,5085	0,3985
66,05	0,5275	0,366
66,1	0,548	0,3275
66,15	0,563	0,2815
66,2	0,5745	0,235
66,25	0,5795	0,185
66,3	0,5845	0,1335
66,35	0,578	0,0825
66,4	0,5745	0,037
66,45	0,5615	-0,015
66,5	0,549	-0,055
66,55	0,5275	-0,095
66,6	0,505	-0,1245
66,65	0,4775	-0,148
66,7	0,45	-0,1615
66,75	0,422	-0,172
66,8	0,3955	-0,172
66,85	0,3665	-0,1655
66,9	0,3375	-0,1475
66,95	0,308	-0,1235
67	0,2835	-0,091
67,05	0,263	-0,0575
67,1	0,249	-0,011
67,15	0,2375	0,0325
67,2	0,232	0,0825
67,25	0,2265	0,132
67,3	0,2275	0,184
67,35	0,2375	0,2295
67,4	0,253	0,276
67,45	0,2705	0,315
67,5	0,294	0,352
67,55	0,3165	0,3815
67,6	0,341	0,4045
67,65	0,3705	0,417
67,7	0,4025	0,4235
67,75	0,434	0,4235
67,8	0,4685	0,4175
67,85	0,497	0,3975
67,9	0,526	0,3765
67,95	0,55	0,343
68	0,5705	0,306
68,05	0,587	0,263
68,1	0,602	0,217
68,15	0,611	0,171
68,2	0,6135	0,122
68,25	0,609	0,074
68,3	0,5995	0,03
68,35	0,584	-0,014
68,4	0,5645	-0,0515
68,45	0,542	-0,0895
68,5	0,5155	-0,117
68,55	0,4855	-0,1385
68,6	0,4535	-0,151
68,65	0,4185	-0,158
68,7	0,3885	-0,154
68,75	0,3545	-0,144
68,8	0,3215	-0,1245
68,85	0,289	-0,101
68,9	0,2635	-0,0695
68,95	0,2385	-0,0335
69	0,222	0,008
69,05	0,2085	0,05
69,1	0,202	0,1005
69,15	0,2005	0,144
69,2	0,207	0,193
69,25	0,2185	0,232
69,3	0,234	0,278
69,35	0,252	0,314
69,4	0,2775	0,348
69,45	0,3055	0,3695
69,5	0,3385	0,393
69,55	0,3705	0,402
69,6	0,409	0,408
69,65	0,4425	0,4025
69,7	0,4805	0,3945
69,75	0,5145	0,3725
69,8	0,55	0,3485
69,85	0,579	0,3185
69,9	0,6055	0,2835
69,95	0,6195	0,2445
70	0,632	0,2015
70,05	0,637	0,152
70,1	0,6395	0,1145
70,15	0,6335	0,071
70,2	0,622	0,029
70,25	0,605	-0,014
70,3	0,5825	-0,0495
70,35	0,5525	-0,078
70,4	0,522	-0,0995
70,45	0,4865	-0,12
70,5	0,4495	-0,127
70,55	0,407	-0,135
70,6	0,37	-0,129
70,65	0,33	-0,1205
70,7	0,294	-0,1
70,75	0,26	-0,0785
70,8	0,235	-0,048
70,85	0,2095	-0,015
70,9	0,191	0,025
70,95	0,179	0,065
71	0,1725	0,1115
71,05	0,171	0,1505
71,1	0,1795	0,196
71,15	0,193	0,232
71,2	0,215	0,273
71,25	0,237	0,305
71,3	0,2675	0,334
71,35	0,301	0,3545
71,4	0,339	0,372
71,45	0,3765	0,3775
71,5	0,4215	0,3815
71,55	0,459	0,3765
71,6	0,5015	0,3695
71,65	0,536	0,3505
71,7	0,573	0,327
71,75	0,6025	0,3
71,8	0,63	0,266
71,85	0,6465	0,227
71,9	0,659	0,1875
71,95	0,6655	0,145
72	0,6655	0,1075
72,05	0,656	0,066
72,1	0,644	0,029
72,15	0,6215	-0,009
72,2	0,595	-0,0365
72,25	0,5605	-0,065
72,3	0,5265	-0,0825
72,35	0,4845	-0,097
72,4	0,4425	-0,1055
72,45	0,3975	-0,111
72,5	0,3565	-0,101
72,55	0,3165	-0,0905
72,6	0,278	-0,072
72,65	0,24	-0,049
72,7	0,21	-0,0205
72,75	0,185	0,01
72,8	0,169	0,048
72,85	0,155	0,082
72,9	0,1525	0,121
72,95	0,153	0,16
73	0,1635	0,199
73,05	0,1785	0,232
73,1	0,2035	0,268
73,15	0,2305	0,2965
73,2	0,263	0,32
73,25	0,299	0,338
73,3	0,3415	0,352
73,35	0,3845	0,358
73,4	0,4295	0,3595
73,45	0,472	0,352
73,5	0,517	0,341
73,55	0,5585	0,322
73,6	0,597	0,301
73,65	0,628	0,273
73,7	0,654	0,2425
73,75	0,672	0,2095
73,8	0,6825	0,177
73,85	0,689	0,1375
73,9	0,6845	0,103
73,95	0,6745	0,066
74	0,6575	0,033
74,05	0,6325	0
74,1	0,603	-0,022
74,15	0,5675	-0,044
74,2	0,5265	-0,0625
74,25	0,4805	-0,073
74,3	0,432	-0,0795
74,35	0,3855	-0,0815
74,4	0,339	-0,075
74,45	0,2955	-0,06
74,5	0,2535	-0,0435
74,55	0,2195	-0,0205
74,6	0,188	0,003
74,65	0,1635	0,0325
74,7	0,144	0,059
74,75	0,1305	0,095
74,8	0,1275	0,13
74,85	0,1345	0,1625
74,9	0,144	0,198
74,95	0,1635	0,228
75	0,1855	0,257
75,05	0,2185	0,282
75,1	0,258	0,3025
75,15	0,301	0,3165
75,2	0,3475	0,3285
75,25	0,396	0,3345
75,3	0,4435	0,3285
75,35	0,4925	0,321
75,4	0,5355	0,3105
75,45	0,5795	0,294
75,5	0,6155	0,2725
75,55	0,6525	0,2505
75,6	0,676	0,221
75,65	0,6955	0,1915
75,7	0,7055	0,161
75,75	0,7095	0,13
75,8	0,7015	0,0965
75,85	0,6885	0,0665
75,9	0,6655	0,035
75,95	0,64	0,011
76	0,6035	-0,0115
76,05	0,564	-0,0285
76,1	0,5205	-0,044
76,15	0,477	-0,053
76,2	0,4265	-0,0585
76,25	0,377	-0,0515
76,3	0,3275	-0,0465
76,35	0,2815	-0,033
76,4	0,2375	-0,0185
76,45	0,1975	-0,0015
76,5	0,165	0,02
76,55	0,141	0,05
76,6	0,12	0,0765
76,65	0,1095	0,1095
76,7	0,1045	0,1385
76,75	0,1135	0,165
76,8	0,1255	0,1885
76,85	0,1495	0,2195
76,9	0,1765	0,239
76,95	0,216	0,261
77	0,257	0,278
77,05	0,3035	0,2925
77,1	0,352	0,2975
77,15	0,4045	0,2995
77,2	0,454	0,2975
77,25	0,504	0,2915
77,3	0,5515	0,281
77,35	0,5995	0,2655
77,4	0,6385	0,246
77,45	0,674	0,227
77,5	0,696	0,2015
77,55	0,715	0,179
77,6	0,7225	0,151
77,65	0,728	0,1225
77,7	0,7165	0,096
77,75	0,7005	0,072
77,8	0,6765	0,047
77,85	0,6475	0,0285
77,9	0,608	0,009
77,95	0,5635	-0,0045
78	0,5155	-0,0165
78,05	0,4695	-0,0215
78,1	0,4145	-0,0255
78,15	0,3635	-0,02
78,2	0,3115	-0,0175
78,25	0,2645	-0,005
78,3	0,218	0,003
78,35	0,178	0,024
78,4	0,144	0,0445
78,45	0,119	0,0695
78,5	0,0975	0,0905
78,55	0,093	0,1155
78,6	0,094	0,137
78,65	0,105	0,1605
78,7	0,119	0,184
78,75	0,1475	0,2075
78,8	0,1785	0,225
78,85	0,221	0,244
78,9	0,2645	0,2495
78,95	0,315	0,2605
79	0,3655	0,267
79,05	0,419	0,271
79,1	0,47	0,266
79,15	0,5245	0,2615
79,2	0,571	0,2505
79,25	0,6175	0,2395
79,3	0,655	0,218
79,35	0,685	0,202
79,4	0,7105	0,179
79,45	0,7285	0,1635
79,5	0,736	0,142
79,55	0,737	0,1205
79,6	0,725	0,098
79,65	0,7075	0,08
79,7	0,681	0,06
79,75	0,6485	0,044
79,8	0,604	0,0285
79,85	0,557	0,0195
79,9	0,503	0,013
79,95	0,4485	0,0095
80	0,3945	0,0065
80,05	0,3435	0,0105
80,1	0,2895	0,0165
80,15	0,241	0,0255
80,2	0,199	0,035
80,25	0,1615	0,05
80,3	0,1285	0,066
80,35	0,1055	0,0835
80,4	0,0875	0,101
80,45	0,082	0,1235
80,5	0,081	0,141
80,55	0,094	0,161
80,6	0,113	0,1745
80,65	0,142	0,1925
80,7	0,1765	0,2045
80,75	0,2195	0,218
80,8	0,2675	0,227
80,85	0,322	0,2335
80,9	0,3725	0,2335
80,95	0,431	0,237
81	0,4855	0,237
81,05	0,5395	0,2335
81,1	0,591	0,2255
81,15	0,636	0,213
81,2	0,6725	0,1975
81,25	0,7065	0,185
81,3	0,7295	0,171
81,35	0,745	0,156
81,4	0,7485	0,1365
81,45	0,7465	0,1235
81,5	0,7325	0,1065
81,55	0,7135	0,092
81,6	0,6815	0,0775
81,65	0,644	0,0675
81,7	0,6	0,0575
81,75	0,5495	0,051
81,8	0,497	0,042
81,85	0,4435	0,041
81,9	0,386	0,038
81,95	0,3315	0,0415
82	0,2745	0,046
82,05	0,2235	0,0515
82,1	0,1785	0,0605
82,15	0,142	0,072
82,2	0,1095	0,085
82,25	0,0875	0,0975
82,3	0,075	0,1105
82,35	0,0715	0,1245
82,4	0,077	0,1395
82,45	0,093	0,1515
82,5	0,1125	0,163
82,55	0,143	0,175
82,6	0,18	0,186
82,65	0,2265	0,1965
82,7	0,2775	0,196
82,75	0,3325	0,2015
82,8	0,389	0,2035
82,85	0,446	0,2015
82,9	0,501	0,1995
82,95	0,5575	0,198
83	0,607	0,193
83,05	0,65	0,1845
83,1	0,69	0,177
83,15	0,7165	0,169
83,2	0,7385	0,16
83,25	0,753	0,1485
83,3	0,7565	0,138
83,35	0,7525	0,1245
83,4	0,739	0,1125
83,45	0,714	0,1035
83,5	0,682	0,0965
83,55	0,639	0,091
83,6	0,591	0,0855
83,65	0,538	0,079
83,7	0,483	0,075
83,75	0,426	0,073
83,8	0,371	0,073
83,85	0,3135	0,076
83,9	0,2605	0,0795
83,95	0,2125	0,0845
84	0,1695	0,0905
84,05	0,132	0,096
84,1	0,102	0,1055
84,15	0,0815	0,1105
84,2	0,069	0,1175
84,25	0,064	0,125
84,3	0,074	0,136
84,35	0,09	0,1435
84,4	0,1145	0,149
84,45	0,146	0,155
84,5	0,188	0,159
84,55	0,234	0,1625
84,6	0,2875	0,1665
84,65	0,3435	0,1665
84,7	0,4015	0,17
84,75	0,459	0,1715
84,8	0,517	0,172
84,85	0,571	0,1685
84,9	0,6205	0,169
84,95	0,6645	0,16
85	0,7015	0,157
85,05	0,7305	0,152
85,1	0,7505	0,1495
85,15	0,759	0,1455
85,2	0,7605	0,1425
85,25	0,753	0,133
85,3	0,734	0,128
85,35	0,7065	0,122
85,4	0,6725	0,1225
85,45	0,632	0,119
85,5	0,585	0,114
85,55	0,532	0,112
85,6	0,474	0,111
85,65	0,4125	0,1095
85,7	0,356	0,1105
85,75	0,301	0,1085
85,8	0,248	0,1095
85,85	0,199	0,11
85,9	0,157	0,1135
85,95	0,119	0,112
86	0,093	0,116
86,05	0,0735	0,1155
86,1	0,067	0,121
86,15	0,0645	0,121
86,2	0,0755	0,123
86,25	0,092	0,1255
86,3	0,1215	0,1295
86,35	0,156	0,13
86,4	0,2005	0,1315
86,45	0,2485	0,1325
86,5	0,3025	0,1355
86,55	0,356	0,138
86,6	0,4165	0,1375
86,65	0,4725	0,1385
86,7	0,5305	0,142
86,75	0,5825	0,1385
86,8	0,632	0,141
86,85	0,674	0,139
86,9	0,711	0,142
86,95	0,736	0,138
87	0,755	0,1425
87,05	0,7615	0,1385
87,1	0,7645	0,1435
87,15	0,7545	0,143
87,2	0,735	0,147
87,25	0,7015	0,145
87,3	0,665	0,1445
87,35	0,62	0,1425
87,4	0,572	0,144
87,45	0,5165	0,14
87,5	0,463	0,1435
87,55	0,401	0,14
87,6	0,347	0,1405
87,65	0,288	0,137
87,7	0,237	0,1385
87,75	0,188	0,136
87,8	0,1485	0,136
87,85	0,1145	0,1295
87,9	0,089	0,128
87,95	0,0705	0,123
88	0,066	0,123
88,05	0,0675	0,114
88,1	0,08	0,1125
88,15	0,0995	0,1075
88,2	0,1295	0,1085
88,25	0,1685	0,1045
88,3	0,213	0,1045
88,35	0,26	0,1
88,4	0,3145	0,1
88,45	0,3725	0,097
88,5	0,4325	0,1015
88,55	0,488	0,1025
88,6	0,5455	0,1075
88,65	0,5965	0,109
88,7	0,644	0,1175
88,75	0,683	0,12
88,8	0,716	0,1265
88,85	0,741	0,13
88,9	0,7555	0,1375
88,95	0,758	0,1435
89	0,7545	0,15
89,05	0,7405	0,1535
89,1	0,721	0,162
89,15	0,69	0,1655
89,2	0,652	0,171
89,25	0,605	0,17
89,3	0,556	0,173
89,35	0,499	0,176
89,4	0,4455	0,1765
89,45	0,3865	0,176
89,5	0,33	0,1755
89,55	0,2745	0,1685
89,6	0,223	0,166
89,65	0,176	0,1565
89,7	0,138	0,152
89,75	0,1065	0,1435
89,8	0,0855	0,136
89,85	0,0725	0,127
89,9	0,068	0,119
89,95	0,074	0,1065
90	0,0875	0,098
90,05	0,11	0,088
90,1	0,141	0,0815
90,15	0,1775	0,0785
90,2	0,2245	0,0765
90,25	0,2745	0,0725
90,3	0,3315	0,069
90,35	0,3885	0,066
90,4	0,448	0,0685
90,45	0,5035	0,0715
90,5	0,558	0,0785
90,55	0,605	0,0865
90,6	0,6495	0,0955
90,65	0,689	0,1065
90,7	0,72	0,116
90,75	0,742	0,128
90,8	0,7525	0,1395
90,85	0,756	0,1505
90,9	0,7515	0,159
90,95	0,7375	0,174
91	0,71	0,182
91,05	0,6755	0,189
91,1	0,635	0,197
91,15	0,588	0,203
91,2	0,5385	0,2105
91,25	0,483	0,211
91,3	0,4265	0,209
91,35	0,371	0,207
91,4	0,3155	0,203
91,45	0,2645	0,197
91,5	0,216	0,1895
91,55	0,1755	0,181
91,6	0,1365	0,169
91,65	0,109	0,1565
91,7	0,09	0,14
91,75	0,0815	0,125
91,8	0,0755	0,109
91,85	0,085	0,0955
91,9	0,099	0,0815
91,95	0,122	0,07
92	0,1535	0,057
92,05	0,195	0,048
92,1	0,24	0,042
92,15	0,2935	0,039
92,2	0,3465	0,0345
92,25	0,404	0,0355
92,3	0,459	0,036
92,35	0,516	0,044
92,4	0,566	0,051
92,45	0,6135	0,062
92,5	0,654	0,0755
92,55	0,686	0,0905
92,6	0,7125	0,1045
92,65	0,7325	0,1215
92,7	0,7425	0,1375
92,75	0,744	0,155
92,8	0,739	0,1695
92,85	0,721	0,1885
92,9	0,6935	0,204
92,95	0,662	0,218
93	0,6185	0,224
93,05	0,576	0,2335
93,1	0,5255	0,239
93,15	0,4715	0,2435
93,2	0,415	0,2425
93,25	0,3595	0,2405
93,3	0,308	0,233
93,35	0,257	0,2235
93,4	0,2115	0,209
93,45	0,173	0,1955
93,5	0,1375	0,176
93,55	0,111	0,16
93,6	0,0915	0,136
93,65	0,0855	0,117
93,7	0,084	0,099
93,75	0,0965	0,0805
93,8	0,1125	0,0615
93,85	0,14	0,0495
93,9	0,172	0,034
93,95	0,215	0,02
94	0,258	0,0105
94,05	0,311	0,0075
94,1	0,362	0,004
94,15	0,4185	0,0045
94,2	0,4705	0,0075
94,25	0,5255	0,0175
94,3	0,572	0,028
94,35	0,6185	0,0465
94,4	0,6565	0,059
94,45	0,69	0,0785
94,5	0,7105	0,098
94,55	0,7275	0,121
94,6	0,7355	0,143
94,65	0,735	0,1655
94,7	0,7225	0,183
94,75	0,705	0,2085
94,8	0,6745	0,224
94,85	0,6415	0,244
94,9	0,6	0,256
94,95	0,557	0,2645
95	0,5045	0,2695
95,05	0,4565	0,276
95,1	0,4035	0,2725
95,15	0,3515	0,2695
95,2	0,3	0,256
95,25	0,2545	0,2435
95,3	0,2085	0,2255
95,35	0,1745	0,2105
95,4	0,1435	0,19
95,45	0,123	0,1665
95,5	0,1095	0,139
95,55	0,103	0,113
95,6	0,105	0,086
95,65	0,1165	0,067
95,7	0,1325	0,044
95,75	0,1605	0,0225
95,8	0,193	0,004
95,85	0,2335	-0,0075
95,9	0,279	-0,018
95,95	0,33	-0,024
96	0,3765	-0,0285
96,05	0,429	-0,027
96,1	0,477	-0,0215
96,15	0,527	-0,006
96,2	0,57	0,0035
96,25	0,613	0,025
96,3	0,6485	0,047
96,35	0,6795	0,0715
96,4	0,7	0,097
96,45	0,714	0,127
96,5	0,7215	0,1515
96,55	0,717	0,177
96,6	0,7025	0,203
96,65	0,6825	0,229
96,7	0,6535	0,2495
96,75	0,624	0,2705
96,8	0,585	0,2865
96,85	0,541	0,2975
96,9	0,493	0,304
96,95	0,442	0,305
97	0,39	0,3015
97,05	0,342	0,2945
97,1	0,2945	0,279
97,15	0,252	0,265
97,2	0,2105	0,2425
97,25	0,1805	0,2195
97,3	0,1535	0,193
97,35	0,1345	0,166
97,4	0,12	0,135
97,45	0,1185	0,1075
97,5	0,1205	0,076
97,55	0,1335	0,0485
97,6	0,153	0,0225
97,65	0,1815	0
97,7	0,213	-0,0205
97,75	0,2545	-0,0355
97,8	0,295	-0,048
97,85	0,3415	-0,0535
97,9	0,39	-0,0555
97,95	0,439	-0,0505
98	0,486	-0,0435
98,05	0,5325	-0,0305
98,1	0,574	-0,01
98,15	0,611	0,011
98,2	0,6435	0,0375
98,25	0,667	0,068
98,3	0,685	0,0975
98,35	0,697	0,13
98,4	0,702	0,1615
98,45	0,6965	0,192
98,5	0,6835	0,224
98,55	0,663	0,254
98,6	0,636	0,2775
98,65	0,6015	0,298
98,7	0,5625	0,3145
98,75	0,519	0,326
98,8	0,4745	0,3295
98,85	0,427	0,3315
98,9	0,3835	0,3275
98,95	0,3345	0,3165
99	0,2915	0,2995
99,05	0,25	0,2805
99,1	0,2155	0,2555
99,15	0,186	0,225
99,2	0,1625	0,194
99,25	0,146	0,1605
99,3	0,1385	0,126
99,35	0,1335	0,0915
99,4	0,1395	0,06
99,45	0,1535	0,027
99,5	0,176	-0,0025
99,55	0,2	-0,029
99,6	0,235	-0,051
99,65	0,2725	-0,0685
99,7	0,3145	-0,079
99,75	0,3555	-0,085
99,8	0,4015	-0,081
99,85	0,445	-0,076
99,9	0,489	-0,0645
99,95	0,531	-0,049
100	0,5715	-0,023
100,05	0,6045	0,003
100,1	0,6305	0,0345
100,15	0,653	0,0685
100,2	0,6705	0,1
100,25	0,678	0,138
100,3	0,68	0,176
100,35	0,672	0,2085
100,4	0,655	0,246
100,45	0,6355	0,275
100,5	0,6115	0,305
100,55	0,577	0,3255
100,6	0,543	0,342
100,65	0,502	0,353
100,7	0,463	0,36
100,75	0,418	0,356
100,8	0,3765	0,3495
100,85	0,332	0,3365
100,9	0,293	0,317
100,95	0,254	0,2915
101	0,225	0,265
101,05	0,198	0,2295
101,1	0,179	0,196
101,15	0,166	0,1535
101,2	0,161	0,1175
101,25	0,16	0,0775
101,3	0,168	0,041
101,35	0,1795	0,005
101,4	0,2005	-0,025
101,45	0,2245	-0,0545
101,5	0,2565	-0,074
101,55	0,2895	-0,0935
101,6	0,3305	-0,1045
101,65	0,369	-0,1105
101,7	0,412	-0,109
101,75	0,4525	-0,1005
101,8	0,4945	-0,083
101,85	0,5315	-0,062
101,9	0,5665	-0,0335
101,95	0,5945	-0,005
102	0,619	0,033
102,05	0,636	0,069
102,1	0,652	0,1075
102,15	0,6565	0,1465
102,2	0,657	0,1885
102,25	0,6475	0,2265
102,3	0,634	0,266
102,35	0,611	0,2935
102,4	0,586	0,327
102,45	0,5545	0,3455
102,5	0,5205	0,366
102,55	0,4825	0,3765
102,6	0,4495	0,383
102,65	0,4075	0,3785
102,7	0,3685	0,372
102,75	0,3265	0,3525
102,8	0,2965	0,333
102,85	0,2635	0,302
102,9	0,2375	0,2685
102,95	0,2145	0,23
103	0,1945	0,1925
103,05	0,182	0,15
103,1	0,1815	0,1095
103,15	0,1835	0,0645
103,2	0,1915	0,0245
103,25	0,203	-0,014
103,3	0,224	-0,0455
103,35	0,247	-0,0785
103,4	0,2785	-0,1
103,45	0,3105	-0,121
103,5	0,346	-0,126
103,55	0,3825	-0,1305
103,6	0,4215	-0,1285
103,65	0,4555	-0,1175
103,7	0,492	-0,1
103,75	0,522	-0,078
103,8	0,5545	-0,0455
103,85	0,5775	-0,0105
103,9	0,599	0,032
103,95	0,6145	0,0735
104	0,6255	0,1195
104,05	0,6295	0,157
104,1	0,63	0,2035
104,15	0,619	0,244
104,2	0,605	0,283
104,25	0,5835	0,3165
104,3	0,5625	0,3505
104,35	0,5355	0,374
104,4	0,505	0,3915
104,45	0,47	0,401
104,5	0,4355	0,4065
104,55	0,3985	0,3995
104,6	0,3655	0,3865
104,65	0,3335	0,368
104,7	0,302	0,3435
104,75	0,273	0,31
104,8	0,2505	0,2745
104,85	0,233	0,2295
104,9	0,218	0,187
104,95	0,21	0,1415
105	0,2085	0,095
105,05	0,2105	0,047
105,1	0,2205	0,0035
105,15	0,232	-0,038
105,2	0,2485	-0,0705
105,25	0,2705	-0,1005
105,3	0,2995	-0,123
105,35	0,3295	-0,139
105,4	0,361	-0,1495
105,45	0,392	-0,15
105,5	0,426	-0,145
105,55	0,4555	-0,1305
105,6	0,486	-0,109
105,65	0,5135	-0,0835
105,7	0,539	-0,0485
105,75	0,5615	-0,01
105,8	0,5805	0,0365
105,85	0,591	0,0815
105,9	0,5975	0,1265
105,95	0,598	0,174
106	0,595	0,22
106,05	0,5875	0,2665
106,1	0,5725	0,3095
106,15	0,5555	0,3455
106,2	0,5365	0,371
106,25	0,5115	0,3955
106,3	0,481	0,414
106,35	0,452	0,424
106,4	0,422	0,4245
106,45	0,3935	0,415
106,5	0,366	0,4
106,55	0,339	0,3765
106,6	0,3135	0,346
106,65	0,2905	0,312
106,7	0,2695	0,269
106,75	0,2575	0,2265
106,8	0,2435	0,178
106,85	0,239	0,1325
106,9	0,2345	0,0805
106,95	0,24	0,0335
107	0,247	-0,011
107,05	0,262	-0,0515
107,1	0,2765	-0,088
107,15	0,2955	-0,1175
107,2	0,318	-0,1425
107,25	0,346	-0,1565
107,3	0,371	-0,1665
107,35	0,4	-0,1675
107,4	0,426	-0,159
107,45	0,456	-0,1405
107,5	0,481	-0,1185
107,55	0,5045	-0,083
107,6	0,5245	-0,0495
107,65	0,541	-0,006
107,7	0,554	0,0385
107,75	0,5655	0,0905
107,8	0,5705	0,1385
107,85	0,572	0,189
107,9	0,5685	0,239
107,95	0,5595	0,2865
108	0,545	0,327
108,05	0,5295	0,3635
108,1	0,51	0,391
108,15	0,489	0,4195
108,2	0,4645	0,4325
108,25	0,4415	0,4425
108,3	0,414	0,4395
108,35	0,391	0,429
108,4	0,3655	0,4065
108,45	0,3445	0,385
108,5	0,3235	0,351
108,55	0,307	0,313
108,6	0,289	0,267
108,65	0,278	0,221
108,7	0,269	0,168
108,75	0,268	0,1205
108,8	0,2645	0,065
108,85	0,272	0,019
108,9	0,2765	-0,031
108,95	0,2885	-0,071
109	0,302	-0,1075
109,05	0,321	-0,135
109,1	0,341	-0,159
109,15	0,366	-0,1735
109,2	0,385	-0,182
109,25	0,406	-0,178
109,3	0,4275	-0,168
109,35	0,4525	-0,1485
109,4	0,469	-0,122
109,45	0,491	-0,086
109,5	0,505	-0,0475
109,55	0,519	0,0005
109,6	0,531	0,046
109,65	0,5395	0,1005
109,7	0,54	0,148
109,75	0,5425	0,204
109,8	0,5345	0,2545
109,85	0,527	0,304
109,9	0,517	0,34
109,95	0,508	0,378
110	0,4905	0,409
110,05	0,4745	0,433
110,1	0,455	0,445
110,15	0,438	0,4535
110,2	0,4175	0,449
110,25	0,3965	0,439
110,3	0,3735	0,4165
110,35	0,357	0,389
110,4	0,341	0,3515
110,45	0,3305	0,3105
110,5	0,3185	0,2605
110,55	0,3105	0,2125
110,6	0,302	0,1555
110,65	0,3	0,1025
110,7	0,299	0,0485
110,75	0,3045	0,0005
110,8	0,3095	-0,048
110,85	0,3195	-0,0865
110,9	0,329	-0,1265
110,95	0,3415	-0,155
111	0,3555	-0,177
111,05	0,373	-0,186
111,1	0,3895	-0,1925
111,15	0,405	-0,1885
111,2	0,423	-0,176
111,25	0,44	-0,1525
111,3	0,4555	-0,1265
111,35	0,4735	-0,0865
111,4	0,4845	-0,044
111,45	0,4945	0,0055
111,5	0,5015	0,057
111,55	0,5085	0,1175
111,6	0,5075	0,1695
111,65	0,5095	0,221
111,7	0,507	0,271
111,75	0,5015	0,3205
111,8	0,4925	0,3595
111,85	0,483	0,3995
111,9	0,4715	0,425
111,95	0,4585	0,446
112	0,444	0,457
112,05	0,431	0,46
112,1	0,413	0,456
112,15	0,3995	0,4465
112,2	0,385	0,418
112,25	0,3725	0,388
112,3	0,3595	0,349
112,35	0,3495	0,3035
112,4	0,3395	0,254
112,45	0,337	0,2015
112,5	0,3315	0,145
112,55	0,332	0,0905
112,6	0,3285	0,0325
112,65	0,3315	-0,0175
112,7	0,3355	-0,0645
112,75	0,341	-0,1065
112,8	0,35	-0,142
112,85	0,3575	-0,1685
112,9	0,3665	-0,1905
112,95	0,3775	-0,2005
113	0,392	-0,2015
113,05	0,4055	-0,193
113,1	0,4165	-0,1755
113,15	0,4295	-0,153
113,2	0,444	-0,1185
113,25	0,453	-0,081
113,3	0,4605	-0,034
113,35	0,467	0,014
113,4	0,4705	0,0655
113,45	0,473	0,1215
113,5	0,474	0,18
113,55	0,472	0,233
113,6	0,471	0,2845
113,65	0,4665	0,3325
113,7	0,4625	0,377
113,75	0,456	0,4115
113,8	0,446	0,4395
113,85	0,4405	0,456
113,9	0,434	0,4665
113,95	0,4235	0,464
114	0,4155	0,456
114,05	0,406	0,4385
114,1	0,397	0,413
114,15	0,39	0,3765
114,2	0,3845	0,338
114,25	0,3765	0,289
114,3	0,373	0,2385
114,35	0,3705	0,182
114,4	0,369	0,1295
114,45	0,364	0,0745
114,5	0,3645	0,019
114,55	0,361	-0,033
114,6	0,367	-0,08
114,65	0,37	-0,121
114,7	0,3745	-0,153
114,75	0,3785	-0,1825
114,8	0,387	-0,201
114,85	0,3905	-0,211
114,9	0,397	-0,206
114,95	0,4035	-0,1975
115	0,4105	-0,176
115,05	0,417	-0,151
115,1	0,4255	-0,114
115,15	0,43	-0,074
115,2	0,434	-0,024
115,25	0,437	0,0285
115,3	0,4415	0,0815
115,35	0,4385	0,1355
115,4	0,4415	0,1955
115,45	0,4415	0,2485
115,5	0,4425	0,298
115,55	0,442	0,3445
115,6	0,4415	0,3885
115,65	0,4365	0,4195
115,7	0,434	0,4475
115,75	0,4295	0,466
115,8	0,428	0,4745
115,85	0,4225	0,468
115,9	0,421	0,46
115,95	0,4175	0,439
116	0,4155	0,409
116,05	0,4105	0,373
116,1	0,408	0,329
116,15	0,4035	0,279
116,2	0,404	0,2285
116,25	0,3985	0,172
116,3	0,3975	0,1175
116,35	0,3925	0,0585
116,4	0,392	0,007
116,45	0,3905	-0,0435
116,5	0,3955	-0,0855
116,55	0,3935	-0,13
116,6	0,3945	-0,161
116,65	0,3945	-0,187
116,7	0,396	-0,203
116,75	0,3925	-0,2105
116,8	0,395	-0,204
116,85	0,3925	-0,193
116,9	0,3975	-0,174
116,95	0,3995	-0,1465
117	0,4015	-0,1065
117,05	0,3995	-0,0645
117,1	0,4025	-0,014
117,15	0,4035	0,039
117,2	0,4085	0,099
117,25	0,41	0,153
117,3	0,412	0,2105
117,35	0,409	0,2615
117,4	0,4125	0,313
117,45	0,4105	0,3565
117,5	0,4165	0,396
117,55	0,4165	0,4225
117,6	0,423	0,4505
117,65	0,4235	0,4635
117,7	0,423	0,4705
117,75	0,424	0,4635
117,8	0,4275	0,451
117,85	0,43	0,428
117,9	0,4305	0,4005
117,95	0,4295	0,3635
118	0,432	0,32
118,05	0,4335	0,2675
118,1	0,4355	0,2165
118,15	0,433	0,1615
118,2	0,4345	0,1045
118,25	0,43	0,0445
118,3	0,427	-0,007
118,35	0,424	-0,06
118,4	0,422	-0,1015
118,45	0,416	-0,138
118,5	0,414	-0,1665
118,55	0,4075	-0,1915
118,6	0,4025	-0,203
118,65	0,397	-0,208
118,7	0,3955	-0,2
118,75	0,3885	-0,1875
118,8	0,3845	-0,162
118,85	0,3765	-0,135
118,9	0,3745	-0,095
118,95	0,3735	-0,0535
119	0,3755	0
119,05	0,3715	0,0535
119,1	0,3725	0,109
119,15	0,3725	0,1645
119,2	0,375	0,221
119,25	0,3745	0,2715
119,3	0,3785	0,324
119,35	0,3825	0,3635
119,4	0,3925	0,4025
119,45	0,398	0,4285
119,5	0,4095	0,4525
119,55	0,4185	0,4645
119,6	0,427	0,469
119,65	0,432	0,463
119,7	0,4415	0,4465
119,75	0,4455	0,4225
119,8	0,4495	0,3905
119,85	0,453	0,3505
119,9	0,459	0,304
119,95	0,461	0,2515
120	0,463	0,2015
120,05	0,4635	0,1415
120,1	0,463	0,0865
120,15	0,461	0,0295
120,2	0,4555	-0,0215
120,25	0,4495	-0,065
120,3	0,444	-0,1055
120,35	0,436	-0,144
120,4	0,4265	-0,1745
120,45	0,417	-0,191
120,5	0,409	-0,2
120,55	0,398	-0,203
120,6	0,3885	-0,196
120,65	0,3805	-0,179
120,7	0,371	-0,154
120,75	0,3635	-0,121
120,8	0,357	-0,0815
120,85	0,348	-0,036
120,9	0,344	0,0145
120,95	0,342	0,0655
121	0,3425	0,1205
121,05	0,3435	0,1775
121,1	0,347	0,232
121,15	0,3485	0,2845
121,2	0,356	0,3315
121,25	0,3645	0,372
121,3	0,3765	0,403
121,35	0,387	0,4315
121,4	0,399	0,4475
121,45	0,415	0,458
121,5	0,427	0,46
121,55	0,4405	0,4525
121,6	0,4515	0,4335
121,65	0,465	0,408
121,7	0,4735	0,374
121,75	0,4835	0,3345
121,8	0,489	0,288
121,85	0,4965	0,239
121,9	0,4945	0,185
121,95	0,497	0,132
122	0,4945	0,079
122,05	0,491	0,0265
122,1	0,482	-0,0245
122,15	0,4755	-0,0705
122,2	0,4645	-0,1125
122,25	0,454	-0,144
122,3	0,439	-0,172
122,35	0,4235	-0,1835
122,4	0,406	-0,194
122,45	0,3925	-0,1945
122,5	0,375	-0,1855
122,55	0,3625	-0,1655
122,6	0,348	-0,1385
122,65	0,3375	-0,1025
122,7	0,3255	-0,0665
122,75	0,32	-0,021
122,8	0,3135	0,028
122,85	0,3105	0,084
122,9	0,31	0,139
122,95	0,3135	0,194
123	0,3155	0,2415
123,05	0,323	0,289
123,1	0,3345	0,3355
123,15	0,349	0,3745
123,2	0,362	0,405
123,25	0,3795	0,4285
123,3	0,396	0,4415
123,35	0,4145	0,4495
123,4	0,432	0,446
123,45	0,4515	0,438
123,5	0,467	0,417
123,55	0,4855	0,394
123,6	0,497	0,358
123,65	0,512	0,3185
123,7	0,5185	0,2705
123,75	0,5265	0,223
123,8	0,5265	0,1695
123,85	0,5275	0,1195
123,9	0,525	0,064
123,95	0,5205	0,0165
124	0,509	-0,031
124,05	0,4975	-0,0715
124,1	0,48	-0,109
124,15	0,4665	-0,136
124,2	0,448	-0,1625
124,25	0,4285	-0,1755
124,3	0,406	-0,1825
124,35	0,386	-0,1755
124,4	0,364	-0,1665
124,45	0,3465	-0,147
124,5	0,3255	-0,123
124,55	0,312	-0,088
124,6	0,297	-0,0495
124,65	0,29	-0,001
124,7	0,2805	0,047
124,75	0,277	0,102
124,8	0,275	0,1495
124,85	0,2805	0,203
124,9	0,284	0,2495
124,95	0,297	0,299
125	0,3125	0,3395
125,05	0,332	0,3755
125,1	0,348	0,399
125,15	0,3715	0,4225
125,2	0,394	0,432
125,25	0,4205	0,438
125,3	0,442	0,432
125,35	0,4675	0,422
125,4	0,4875	0,402
125,45	0,5065	0,3745
125,5	0,5225	0,3365
125,55	0,5405	0,2985
125,6	0,5495	0,256
125,65	0,5595	0,208
125,7	0,5625	0,156
125,75	0,5615	0,1075
125,8	0,554	0,0555
125,85	0,5465	0,0115
125,9	0,5345	-0,034
125,95	0,519	-0,074
126	0,4995	-0,1115
126,05	0,4805	-0,137
126,1	0,456	-0,159
126,15	0,432	-0,167
126,2	0,403	-0,1725
126,25	0,378	-0,1665
126,3	0,355	-0,1545
126,35	0,3305	-0,1335
126,4	0,308	-0,1045
126,45	0,2885	-0,068
126,5	0,2705	-0,029
126,55	0,259	0,017
126,6	0,2515	0,0615
126,65	0,249	0,111
126,7	0,2485	0,1595
126,75	0,254	0,211
126,8	0,262	0,2555
126,85	0,278	0,299
126,9	0,2955	0,335
126,95	0,317	0,366
127	0,3385	0,3905
127,05	0,366	0,411
127,1	0,394	0,42
127,15	0,423	0,424
127,2	0,45	0,418
127,25	0,4765	0,404
127,3	0,502	0,3805
127,35	0,5255	0,353
127,4	0,544	0,3165
127,45	0,564	0,281
127,5	0,578	0,237
127,55	0,586	0,1905
127,6	0,5875	0,1415
127,65	0,587	0,0925
127,7	0,5795	0,0455
127,75	0,568	0,0025
127,8	0,551	-0,038
127,85	0,531	-0,0725
127,9	0,5075	-0,103
127,95	0,482	-0,126
128	0,456	-0,142
128,05	0,4285	-0,153
128,1	0,399	-0,1525
128,15	0,3685	-0,1475
128,2	0,338	-0,132
128,25	0,3105	-0,11
128,3	0,285	-0,082
128,35	0,263	-0,0485
128,4	0,246	-0,009
128,45	0,2335	0,0325
128,5	0,221	0,0805
128,55	0,2165	0,1265
128,6	0,22	0,1695
128,65	0,2275	0,214
128,7	0,2385	0,258
128,75	0,2545	0,2985
128,8	0,2785	0,3325
128,85	0,3055	0,3575
128,9	0,333	0,381
128,95	0,365	0,396
129	0,3985	0,4025
129,05	0,432	0,402
129,1	0,465	0,3935
129,15	0,4945	0,3755
129,2	0,5235	0,3575
129,25	0,547	0,3315
129,3	0,571	0,299
129,35	0,587	0,2585
129,4	0,604	0,219
129,45	0,6085	0,174
129,5	0,612	0,1305
129,55	0,6085	0,087
129,6	0,6045	0,0445
129,65	0,589	0,007
129,7	0,5735	-0,031
129,75	0,548	-0,0655
129,8	0,5205	-0,091
129,85	0,4885	-0,1135
129,9	0,458	-0,1265
129,95	0,4235	-0,1345
130	0,3885	-0,133
130,05	0,3525	-0,1215
130,1	0,319	-0,108
130,15	0,286	-0,086
130,2	0,2615	-0,058
130,25	0,236	-0,026
130,3	0,218	0,0135
130,35	0,202	0,0535
130,4	0,195	0,096
130,45	0,192	0,138
130,5	0,1995	0,1815
130,55	0,209	0,221
130,6	0,227	0,26
130,65	0,2445	0,292
130,7	0,27	0,323
130,75	0,3	0,3455
130,8	0,3315	0,366
130,85	0,3645	0,377
130,9	0,402	0,3845
130,95	0,439	0,3815
131	0,478	0,374
131,05	0,5125	0,357
131,1	0,5485	0,337
131,15	0,5765	0,308
131,2	0,6025	0,2775
131,25	0,619	0,242
131,3	0,6335	0,206
131,35	0,642	0,1625
131,4	0,6435	0,122
131,45	0,636	0,08
131,5	0,626	0,045
131,55	0,608	0,008
131,6	0,5865	-0,0235
131,65	0,5555	-0,055
131,7	0,525	-0,0765
131,75	0,4895	-0,095
131,8	0,4535	-0,1075
131,85	0,4145	-0,115
131,9	0,3775	-0,11
131,95	0,336	-0,101
132	0,3015	-0,0825
132,05	0,2695	-0,0645
132,1	0,24	-0,035
132,15	0,2115	-0,0065
132,2	0,1925	0,031
132,25	0,178	0,067
132,3	0,1715	0,1065
132,35	0,167	0,1435
132,4	0,175	0,184
132,45	0,1835	0,2185
132,5	0,204	0,254
132,55	0,228	0,284
132,6	0,2575	0,3105
132,65	0,29	0,332
132,7	0,331	0,349
132,75	0,3715	0,3595
132,8	0,4145	0,366
132,85	0,454	0,3595
132,9	0,493	0,353
132,95	0,5285	0,3335
133	0,5675	0,312
133,05	0,596	0,2865
133,1	0,6205	0,258
133,15	0,6405	0,222
133,2	0,656	0,1905
133,25	0,661	0,1515
133,3	0,6645	0,117
133,35	0,657	0,0805
133,4	0,6465	0,044
133,45	0,6255	0,011
133,5	0,6015	-0,0165
133,55	0,57	-0,0415
133,6	0,5345	-0,058
133,65	0,4935	-0,076
133,7	0,4505	-0,0815
133,75	0,4035	-0,0875
133,8	0,3625	-0,081
133,85	0,318	-0,071
133,9	0,2825	-0,053
133,95	0,243	-0,035
134	0,2135	-0,009
134,05	0,1835	0,018
134,1	0,1665	0,0505
134,15	0,154	0,0845
134,2	0,147	0,119
134,25	0,146	0,1515
134,3	0,1555	0,188
134,35	0,169	0,2165
134,4	0,1915	0,2475
134,45	0,2175	0,273
134,5	0,2545	0,296
134,55	0,2925	0,314
134,6	0,3335	0,3265
134,65	0,3745	0,3315
134,7	0,4225	0,3335
134,75	0,47	0,3255
134,8	0,515	0,319
134,85	0,553	0,3035
134,9	0,5895	0,287
134,95	0,624	0,2635
135	0,651	0,2385
135,05	0,671	0,204
135,1	0,685	0,173
135,15	0,688	0,1405
135,2	0,6865	0,1085
135,25	0,6785	0,0755
135,3	0,6605	0,047
135,35	0,637	0,019
135,4	0,604	-0,006
135,45	0,5705	-0,0245
135,5	0,529	-0,039
135,55	0,4855	-0,0525
135,6	0,4425	-0,059
135,65	0,394	-0,058
135,7	0,3465	-0,0545
135,75	0,3025	-0,0475
135,8	0,2615	-0,0335
135,85	0,2245	-0,0125
135,9	0,192	0,0105
135,95	0,1645	0,036
136	0,1475	0,0665
136,05	0,1355	0,0945
136,1	0,132	0,1275
136,15	0,134	0,157
136,2	0,143	0,185
136,25	0,16	0,212
136,3	0,183	0,237
136,35	0,2155	0,2575
136,4	0,252	0,2765
136,45	0,2955	0,29
136,5	0,341	0,2985
136,55	0,388	0,305
136,6	0,4345	0,3065
136,65	0,483	0,3045
136,7	0,526	0,2955
136,75	0,5705	0,2825
136,8	0,6075	0,2615
136,85	0,642	0,24
136,9	0,6695	0,2175
136,95	0,6915	0,192
137	0,7055	0,1625
137,05	0,7115	0,1345
137,1	0,705	0,105
137,15	0,6915	0,0815
137,2	0,669	0,051
137,25	0,642	0,0295
137,3	0,6075	0,0125
137,35	0,574	-0,005
137,4	0,5275	-0,019
137,45	0,481	-0,0285
137,5	0,431	-0,03
137,55	0,3825	-0,0275
137,6	0,3345	-0,025
137,65	0,2885	-0,0165
137,7	0,2445	-0,0035
137,75	0,21	0,0125
137,8	0,174	0,034
137,85	0,148	0,057
137,9	0,127	0,077
137,95	0,116	0,1005
138	0,11	0,124
138,05	0,1135	0,1515
138,1	0,1285	0,1755
138,15	0,151	0,2005
138,2	0,177	0,2235
138,25	0,212	0,244
138,3	0,2515	0,256
138,35	0,2985	0,2685
138,4	0,347	0,273
138,45	0,399	0,276
138,5	0,4475	0,274
138,55	0,498	0,272
138,6	0,5445	0,257
138,65	0,589	0,2495
138,7	0,6265	0,2355
138,75	0,6595	0,2195
138,8	0,6855	0,1975
138,85	0,7075	0,174
138,9	0,7175	0,1495
138,95	0,721	0,1285
139	0,7135	0,1035
139,05	0,6985	0,084
139,1	0,672	0,064
139,15	0,6445	0,044
139,2	0,6045	0,0275
139,25	0,566	0,0175
139,3	0,52	0,0055
139,35	0,472	0,0025
139,4	0,4175	-0,0045
139,45	0,3645	-0,001
139,5	0,3135	0,003
139,55	0,27	0,0115
139,6	0,223	0,0225
139,65	0,184	0,0425
139,7	0,1525	0,0565
139,75	0,127	0,0755
139,8	0,1075	0,095
139,85	0,0955	0,1165
139,9	0,093	0,134
139,95	0,104	0,157
140	0,1205	0,173
140,05	0,1455	0,192
140,1	0,1735	0,205
140,15	0,2135	0,223
140,2	0,257	0,235
140,25	0,308	0,242
140,3	0,3575	0,246
140,35	0,4105	0,245
140,4	0,4615	0,2425
140,45	0,5125	0,241
140,5	0,5605	0,232
140,55	0,608	0,225
140,6	0,646	0,2125
140,65	0,6795	0,1995
140,7	0,7005	0,1795
140,75	0,7195	0,164
140,8	0,7275	0,146
140,85	0,7285	0,13
140,9	0,7205	0,111
140,95	0,704	0,0935
141	0,678	0,079
141,05	0,6465	0,0665
141,1	0,607	0,052
141,15	0,5615	0,0435
141,2	0,511	0,034
141,25	0,4605	0,0325
141,3	0,407	0,0305
141,35	0,356	0,031
141,4	0,3	0,0335
141,45	0,255	0,0435
141,5	0,207	0,051
141,55	0,17	0,065
141,6	0,1365	0,075
141,65	0,113	0,093
141,7	0,0945	0,106
141,75	0,0885	0,123
141,8	0,0895	0,137
141,85	0,1005	0,152
141,9	0,115	0,1625
141,95	0,1435	0,179
142	0,177	0,1895
142,05	0,22	0,1985
142,1	0,263	0,2045
142,15	0,3155	0,213
142,2	0,3655	0,2175
142,25	0,419	0,219
142,3	0,4725	0,2125
142,35	0,5255	0,209
142,4	0,574	0,201
142,45	0,619	0,198
142,5	0,658	0,185
142,55	0,6935	0,1755
142,6	0,7145	0,162
142,65	0,7325	0,1515
142,7	0,74	0,139
142,75	0,7405	0,1285
142,8	0,729	0,116
142,85	0,7115	0,107
142,9	0,682	0,0925
142,95	0,6455	0,084
143	0,6015	0,0755
143,05	0,5545	0,068
143,1	0,5005	0,0645
143,15	0,45	0,063
143,2	0,3935	0,059
143,25	0,3405	0,064
143,3	0,287	0,0665
143,35	0,2405	0,073
143,4	0,196	0,077
143,45	0,1565	0,0835
143,5	0,1245	0,092
143,55	0,1015	0,104
143,6	0,0885	0,1105
143,65	0,085	0,121
143,7	0,087	0,131
143,75	0,099	0,1385
143,8	0,118	0,15
143,85	0,146	0,1595
143,9	0,1845	0,1675
143,95	0,227	0,176
144	0,2735	0,178
144,05	0,3265	0,179
144,1	0,381	0,18
144,15	0,435	0,1845
144,2	0,491	0,1845
144,25	0,5435	0,1835
144,3	0,5915	0,1775
144,35	0,6375	0,1735
144,4	0,6785	0,168
144,45	0,709	0,1605
144,5	0,7315	0,1535
144,55	0,7425	0,1455
144,6	0,7465	0,138
144,65	0,7415	0,1325
144,7	0,7295	0,123
144,75	0,703	0,116
144,8	0,675	0,111
144,85	0,637	0,1075
144,9	0,596	0,106
144,95	0,545	0,1
145	0,494	0,097
145,05	0,436	0,0945
145,1	0,3815	0,093
145,15	0,326	0,092
145,2	0,276	0,095
145,25	0,2285	0,096
145,3	0,184	0,0985
145,35	0,1465	0,1025
145,4	0,1165	0,105
145,45	0,0905	0,112
145,5	0,082	0,119
145,55	0,0755	0,124
145,6	0,082	0,1295
145,65	0,095	0,131
145,7	0,1185	0,1375
145,75	0,1505	0,139
145,8	0,1925	0,14
145,85	0,233	0,1425
145,9	0,284	0,146
145,95	0,337	0,1475
146	0,3925	0,151
146,05	0,445	0,1505
146,1	0,5	0,15
146,15	0,5525	0,15
146,2	0,6045	0,149
146,25	0,6505	0,1465
146,3	0,6875	0,147
146,35	0,7145	0,1445
146,4	0,7375	0,144
146,45	0,7485	0,1445
146,5	0,751	0,14
146,55	0,742	0,1345
146,6	0,7295	0,1335
146,65	0,701	0,1315
146,7	0,6695	0,134
146,75	0,632	0,1315
146,8	0,5885	0,131
146,85	0,5355	0,1285
146,9	0,4815	0,1295
146,95	0,4245	0,1265
147	0,369	0,124
147,05	0,3145	0,125
147,1	0,265	0,127
147,15	0,217	0,1235
147,2	0,172	0,123
147,25	0,135	0,1205
147,3	0,108	0,1215
147,35	0,0855	0,122
147,4	0,076	0,123
147,45	0,075	0,1185
147,5	0,086	0,119
147,55	0,1015	0,1175
147,6	0,1275	0,1185
147,65	0,158	0,117
147,7	0,1985	0,119
147,75	0,245	0,1155
147,8	0,295	0,119
147,85	0,3485	0,117
147,9	0,4085	0,116
147,95	0,4615	0,115
148	0,517	0,1205
148,05	0,5675	0,123
148,1	0,618	0,124
148,15	0,659	0,1255
148,2	0,6955	0,132
148,25	0,7195	0,133
148,3	0,741	0,137
148,35	0,748	0,138
148,4	0,752	0,1425
148,45	0,741	0,1455
148,5	0,7235	0,153
148,55	0,696	0,1555
148,6	0,661	0,161
148,65	0,6165	0,1575
148,7	0,5725	0,161
148,75	0,52	0,157
148,8	0,468	0,1605
148,85	0,4085	0,158
148,9	0,3555	0,1595
148,95	0,3	0,156
149	0,2515	0,1515
149,05	0,206	0,1455
149,1	0,167	0,142
149,15	0,1325	0,136
149,2	0,109	0,133
149,25	0,089	0,128
149,3	0,084	0,121
149,35	0,081	0,1135
149,4	0,09	0,1085
149,45	0,108	0,1
149,5	0,137	0,0985
149,55	0,1705	0,0915
149,6	0,213	0,091
149,65	0,258	0,0845
149,7	0,311	0,0855
149,75	0,365	0,083
