MIN=0	-1	-1
MAX=113,137084989848	1	1
SCALE=113,137084989848	0,5	0,5
DEC=2	3	3
DEF="Zeit" t / s	"Spannung" U_A1 / V	"Spannung" U_B1 / V
0	0,0835	0,138
0,05	0,082	0,184
0,1	0,09	0,2315
0,15	0,1025	0,2735
0,2	0,121	0,316
0,25	0,1455	0,3575
0,3	0,1755	0,3945
0,35	0,209	0,422
0,4	0,25	0,4495
0,45	0,2885	0,465
0,5	0,3275	0,476
0,55	0,3705	0,4785
0,6	0,4105	0,474
0,65	0,4425	0,461
0,7	0,474	0,4455
0,75	0,5035	0,4205
0,8	0,527	0,3925
0,85	0,543	0,358
0,9	0,5495	0,3215
0,95	0,555	0,282
1	0,551	0,2455
1,05	0,538	0,2105
1,1	0,5185	0,1715
1,15	0,492	0,135
1,2	0,4605	0,102
1,25	0,4235	0,0775
1,3	0,3795	0,052
1,35	0,3345	0,036
1,4	0,2885	0,024
1,45	0,2445	0,018
1,5	0,1975	0,0165
1,55	0,155	0,022
1,6	0,1125	0,035
1,65	0,082	0,0525
1,7	0,056	0,0745
1,75	0,0375	0,102
1,8	0,0205	0,1255
1,85	0,014	0,159
1,9	0,0155	0,1895
1,95	0,026	0,2235
2	0,045	0,25
2,05	0,073	0,284
2,1	0,1055	0,3115
2,15	0,145	0,336
2,2	0,1885	0,3555
2,25	0,236	0,3765
2,3	0,2835	0,3895
2,35	0,3345	0,3975
2,4	0,3845	0,3965
2,45	0,4335	0,3975
2,5	0,476	0,388
2,55	0,5175	0,3805
2,6	0,555	0,3635
2,65	0,5855	0,348
2,7	0,6	0,325
2,75	0,611	0,3015
2,8	0,609	0,2795
2,85	0,605	0,257
2,9	0,59	0,232
2,95	0,5665	0,2095
3	0,53	0,184
3,05	0,49	0,163
3,1	0,444	0,146
3,15	0,3945	0,132
3,2	0,3395	0,118
3,25	0,284	0,1085
3,3	0,229	0,102
3,35	0,177	0,101
3,4	0,127	0,1
3,45	0,084	0,1095
3,5	0,0435	0,116
3,55	0,014	0,1285
3,6	-0,0095	0,1385
3,65	-0,022	0,1545
3,7	-0,026	0,166
3,75	-0,02	0,1825
3,8	-0,009	0,197
3,85	0,0145	0,2165
3,9	0,044	0,2295
3,95	0,0855	0,2465
4	0,1305	0,2575
4,05	0,184	0,2735
4,1	0,2355	0,2855
4,15	0,2935	0,298
4,2	0,351	0,2995
4,25	0,41	0,307
4,3	0,458	0,3105
4,35	0,509	0,3155
4,4	0,5505	0,31
4,45	0,589	0,3085
4,5	0,613	0,303
4,55	0,6315	0,301
4,6	0,637	0,293
4,65	0,6375	0,2855
4,7	0,623	0,275
4,75	0,6065	0,2705
4,8	0,5745	0,2605
4,85	0,5385	0,253
4,9	0,491	0,2415
4,95	0,442	0,2355
5	0,385	0,2265
5,05	0,3275	0,218
5,1	0,2685	0,2075
5,15	0,2115	0,2015
5,2	0,156	0,1925
5,25	0,109	0,189
5,3	0,061	0,1815
5,35	0,025	0,1765
5,4	-0,0075	0,169
5,45	-0,0275	0,1685
5,5	-0,0395	0,163
5,55	-0,039	0,1635
5,6	-0,032	0,158
5,65	-0,013	0,161
5,7	0,013	0,1605
5,75	0,051	0,1655
5,8	0,091	0,167
5,85	0,1405	0,171
5,9	0,193	0,176
5,95	0,253	0,186
6	0,309	0,194
6,05	0,367	0,204
6,1	0,4205	0,2115
6,15	0,476	0,2245
6,2	0,52	0,234
6,25	0,562	0,248
6,3	0,592	0,261
6,35	0,618	0,276
6,4	0,629	0,2865
6,45	0,6355	0,3
6,5	0,629	0,308
6,55	0,613	0,3175
6,6	0,59	0,324
6,65	0,559	0,328
6,7	0,5195	0,332
6,75	0,4735	0,334
6,8	0,4225	0,3265
6,85	0,369	0,3275
6,9	0,3135	0,3165
6,95	0,26	0,308
7	0,2055	0,2945
7,05	0,1545	0,283
7,1	0,1055	0,2625
7,15	0,0645	0,244
7,2	0,029	0,223
7,25	0,0045	0,2005
7,3	-0,012	0,18
7,35	-0,0215	0,162
7,4	-0,0205	0,1415
7,45	-0,009	0,127
7,5	0,011	0,1095
7,55	0,0395	0,1
7,6	0,072	0,09
7,65	0,115	0,083
7,7	0,161	0,079
7,75	0,212	0,082
7,8	0,263	0,0895
7,85	0,318	0,1005
7,9	0,367	0,1145
7,95	0,416	0,1335
8	0,4625	0,156
8,05	0,5055	0,18
8,1	0,539	0,2055
8,15	0,568	0,2305
8,2	0,588	0,2595
8,25	0,5975	0,2855
8,3	0,598	0,3155
8,35	0,593	0,343
8,4	0,5785	0,364
8,45	0,556	0,384
8,5	0,526	0,4
8,55	0,4885	0,4115
8,6	0,4465	0,42
8,65	0,4	0,42
8,7	0,3525	0,414
8,75	0,3035	0,4075
8,8	0,2535	0,3895
8,85	0,2075	0,3695
8,9	0,167	0,346
8,95	0,1305	0,3155
9	0,0975	0,284
9,05	0,0695	0,2495
9,1	0,0485	0,212
9,15	0,0345	0,1775
9,2	0,031	0,1405
9,25	0,0345	0,108
9,3	0,043	0,0785
9,35	0,0595	0,049
9,4	0,0835	0,03
9,45	0,1125	0,011
9,5	0,151	0
9,55	0,1875	-0,004
9,6	0,228	-0,003
9,65	0,271	0,007
9,7	0,314	0,022
9,75	0,3565	0,0425
9,8	0,398	0,0695
9,85	0,433	0,1
9,9	0,465	0,135
9,95	0,4925	0,1765
10	0,514	0,221
10,05	0,5285	0,264
10,1	0,537	0,3045
10,15	0,5375	0,3455
10,2	0,534	0,383
10,25	0,5185	0,414
10,3	0,4975	0,4445
10,35	0,471	0,465
10,4	0,4425	0,4825
10,45	0,412	0,49
10,5	0,379	0,4955
10,55	0,341	0,487
10,6	0,3025	0,4745
10,65	0,266	0,451
10,7	0,231	0,423
10,75	0,1975	0,3875
10,8	0,172	0,351
10,85	0,148	0,3075
10,9	0,1295	0,2625
10,95	0,116	0,213
11	0,108	0,1645
11,05	0,103	0,1165
11,1	0,107	0,0735
11,15	0,1135	0,0365
11,2	0,1265	0,001
11,25	0,145	-0,029
11,3	0,1655	-0,047
11,35	0,1885	-0,0625
11,4	0,2145	-0,0655
11,45	0,2425	-0,0625
11,5	0,269	-0,05
11,55	0,299	-0,032
11,6	0,33	-0,0035
11,65	0,356	0,031
11,7	0,3805	0,074
11,75	0,4005	0,119
11,8	0,419	0,1715
11,85	0,433	0,2185
11,9	0,4425	0,2735
11,95	0,4475	0,324
12	0,449	0,3715
12,05	0,4485	0,417
12,1	0,4435	0,458
12,15	0,4315	0,49
12,2	0,418	0,5185
12,25	0,401	0,535
12,3	0,3835	0,546
12,35	0,3615	0,5405
12,4	0,3435	0,532
12,45	0,321	0,5115
12,5	0,3015	0,4855
12,55	0,28	0,4515
12,6	0,265	0,412
12,65	0,243	0,3615
12,7	0,2275	0,312
12,75	0,213	0,256
12,8	0,2045	0,2025
12,85	0,194	0,1455
12,9	0,193	0,098
12,95	0,1905	0,049
13	0,192	0,005
13,05	0,1965	-0,0355
13,1	0,204	-0,0635
13,15	0,2065	-0,087
13,2	0,218	-0,097
13,25	0,2275	-0,106
13,3	0,2405	-0,097
13,35	0,252	-0,0825
13,4	0,268	-0,055
13,45	0,28	-0,023
13,5	0,294	0,02
13,55	0,3085	0,0675
13,6	0,322	0,1195
13,65	0,3295	0,1725
13,7	0,341	0,235
13,75	0,347	0,2875
13,8	0,3555	0,3445
13,85	0,359	0,3915
13,9	0,3645	0,4425
13,95	0,365	0,4815
14	0,3685	0,5195
14,05	0,367	0,543
14,1	0,368	0,5615
14,15	0,365	0,566
14,2	0,366	0,563
14,25	0,359	0,551
14,3	0,356	0,5275
14,35	0,349	0,494
14,4	0,3455	0,4575
14,45	0,3395	0,4095
14,5	0,3335	0,357
14,55	0,3225	0,301
14,6	0,3155	0,2475
14,65	0,3065	0,189
14,7	0,298	0,133
14,75	0,2895	0,078
14,8	0,281	0,0325
14,85	0,271	-0,014
14,9	0,261	-0,0445
14,95	0,2525	-0,0775
15	0,245	-0,095
15,05	0,2395	-0,1085
15,1	0,2315	-0,109
15,15	0,2255	-0,0975
15,2	0,2215	-0,076
15,25	0,2175	-0,0505
15,3	0,2165	-0,01
15,35	0,214	0,0305
15,4	0,2205	0,0795
15,45	0,225	0,131
15,5	0,231	0,189
15,55	0,2405	0,2435
15,6	0,252	0,301
15,65	0,26	0,3535
15,7	0,273	0,405
15,75	0,287	0,448
15,8	0,3015	0,487
15,85	0,3145	0,516
15,9	0,3335	0,5405
15,95	0,348	0,551
16	0,364	0,557
16,05	0,3785	0,5495
16,1	0,3945	0,536
16,15	0,403	0,51
16,2	0,413	0,48
16,25	0,4165	0,4385
16,3	0,419	0,3945
16,35	0,42	0,3415
16,4	0,42	0,2885
16,45	0,4125	0,2355
16,5	0,4015	0,1835
16,55	0,3875	0,1275
16,6	0,3755	0,0765
16,65	0,3545	0,0325
16,7	0,334	-0,002
16,75	0,314	-0,038
16,8	0,29	-0,0605
16,85	0,266	-0,075
16,9	0,242	-0,082
16,95	0,2175	-0,08
17	0,1975	-0,0665
17,05	0,1765	-0,0445
17,1	0,162	-0,0165
17,15	0,1495	0,018
17,2	0,141	0,06
17,25	0,1335	0,1045
17,3	0,1315	0,15
17,35	0,136	0,201
17,4	0,1455	0,254
17,45	0,158	0,3025
17,5	0,1755	0,3535
17,55	0,198	0,397
17,6	0,223	0,433
17,65	0,249	0,463
17,7	0,2795	0,486
17,75	0,3125	0,502
17,8	0,344	0,511
17,85	0,3755	0,5115
17,9	0,407	0,5035
17,95	0,431	0,489
18	0,4555	0,468
18,05	0,478	0,436
18,1	0,4925	0,402
18,15	0,503	0,3625
18,2	0,505	0,3195
18,25	0,5045	0,2755
18,3	0,495	0,226
18,35	0,4835	0,1785
18,4	0,4625	0,1345
18,45	0,4415	0,0945
18,5	0,4115	0,0605
18,55	0,383	0,03
18,6	0,348	0,004
18,65	0,3125	-0,0095
18,7	0,272	-0,0185
18,75	0,235	-0,024
18,8	0,1975	-0,0205
18,85	0,1625	-0,009
18,9	0,1295	0,006
18,95	0,106	0,0295
19	0,081	0,0615
19,05	0,066	0,0945
19,1	0,0575	0,1285
19,15	0,0555	0,166
19,2	0,0565	0,206
19,25	0,07	0,25
19,3	0,0845	0,2875
19,35	0,111	0,3255
19,4	0,142	0,3565
19,45	0,179	0,3845
19,5	0,2165	0,4085
19,55	0,2585	0,428
19,6	0,3025	0,4365
19,65	0,348	0,445
19,7	0,3915	0,445
19,75	0,4365	0,439
19,8	0,4745	0,426
19,85	0,51	0,4095
19,9	0,535	0,3845
19,95	0,5595	0,3615
20	0,5735	0,33
20,05	0,5795	0,297
20,1	0,579	0,2615
20,15	0,569	0,231
20,2	0,55	0,198
20,25	0,5265	0,1675
20,3	0,4925	0,137
20,35	0,4545	0,1125
20,4	0,4085	0,0905
20,45	0,3635	0,0755
20,5	0,313	0,0615
20,55	0,263	0,053
20,6	0,213	0,047
20,65	0,17	0,053
20,7	0,1265	0,0585
20,75	0,09	0,0745
20,8	0,0545	0,0875
20,85	0,028	0,1065
20,9	0,0065	0,125
20,95	-0,001	0,1505
21	-0,004	0,1725
21,05	0,0065	0,2025
21,1	0,0205	0,2265
21,15	0,0455	0,2545
21,2	0,0735	0,276
21,25	0,1145	0,297
21,3	0,1565	0,316
21,35	0,207	0,3335
21,4	0,258	0,3455
21,45	0,312	0,355
21,5	0,3645	0,358
21,55	0,418	0,36
21,6	0,4665	0,357
21,65	0,5115	0,3545
21,7	0,5505	0,344
21,75	0,5825	0,331
21,8	0,604	0,316
21,85	0,619	0,305
21,9	0,6235	0,285
21,95	0,62	0,2705
22	0,6055	0,2535
22,05	0,5845	0,2405
22,1	0,5515	0,217
22,15	0,513	0,2025
22,2	0,4675	0,183
22,25	0,419	0,175
22,3	0,3655	0,1615
22,35	0,312	0,1545
22,4	0,2525	0,1455
22,45	0,1995	0,1385
22,5	0,1455	0,136
22,55	0,098	0,1385
22,6	0,0545	0,1365
22,65	0,02	0,1405
22,7	-0,008	0,145
22,75	-0,026	0,156
22,8	-0,035	0,163
22,85	-0,0315	0,1715
22,9	-0,02	0,175
22,95	0,0015	0,187
23	0,0275	0,196
23,05	0,067	0,211
23,1	0,1075	0,22
23,15	0,1615	0,2325
23,2	0,2125	0,24
23,25	0,268	0,2515
23,3	0,3265	0,258
23,35	0,385	0,2665
23,4	0,4375	0,2715
23,45	0,4895	0,2805
23,5	0,5345	0,2815
23,55	0,574	0,286
23,6	0,602	0,2895
23,65	0,623	0,2915
23,7	0,6335	0,292
23,75	0,6385	0,2905
23,8	0,6295	0,291
23,85	0,6125	0,293
23,9	0,586	0,288
23,95	0,5535	0,289
24	0,5075	0,281
24,05	0,458	0,2765
24,1	0,405	0,2695
24,15	0,3485	0,263
24,2	0,291	0,2505
24,25	0,235	0,2425
24,3	0,179	0,231
24,35	0,1315	0,223
24,4	0,0845	0,2115
24,45	0,045	0,203
24,5	0,012	0,1865
24,55	-0,0105	0,177
24,6	-0,0275	0,1665
24,65	-0,0325	0,1585
24,7	-0,028	0,151
24,75	-0,0135	0,1465
24,8	0,009	0,1375
24,85	0,041	0,1335
24,9	0,0785	0,1295
24,95	0,1245	0,1325
25	0,1735	0,1345
25,05	0,229	0,143
25,1	0,283	0,151
25,15	0,3415	0,16
25,2	0,3945	0,171
25,25	0,4465	0,1865
25,3	0,4915	0,2
25,35	0,5325	0,2215
25,4	0,566	0,2375
25,45	0,5915	0,257
25,5	0,609	0,2765
25,55	0,6165	0,2965
25,6	0,6155	0,3145
25,65	0,6035	0,3295
25,7	0,5845	0,342
25,75	0,5605	0,353
25,8	0,527	0,36
25,85	0,488	0,3645
25,9	0,4415	0,366
25,95	0,391	0,3625
26	0,3355	0,356
26,05	0,2845	0,345
26,1	0,232	0,3355
26,15	0,1855	0,3165
26,2	0,143	0,2945
26,25	0,1005	0,2725
26,3	0,0635	0,2465
26,35	0,0335	0,2195
26,4	0,011	0,1935
26,45	0	0,1645
26,5	-0,0005	0,143
26,55	0,006	0,122
26,6	0,0215	0,0995
26,65	0,044	0,0795
26,7	0,074	0,067
26,75	0,1085	0,0545
26,8	0,151	0,05
26,85	0,1945	0,0445
26,9	0,2435	0,05
26,95	0,2895	0,0625
27	0,34	0,0755
27,05	0,385	0,097
27,1	0,4315	0,1195
27,15	0,4715	0,145
27,2	0,507	0,176
27,25	0,533	0,2065
27,3	0,552	0,244
27,35	0,5655	0,2775
27,4	0,571	0,3105
27,45	0,568	0,342
27,5	0,5595	0,369
27,55	0,5405	0,3945
27,6	0,518	0,4185
27,65	0,4865	0,4305
27,7	0,452	0,445
27,75	0,414	0,4505
27,8	0,372	0,4465
27,85	0,328	0,4395
27,9	0,284	0,4235
27,95	0,2395	0,401
28	0,2	0,376
28,05	0,1645	0,3445
28,1	0,1325	0,3125
28,15	0,1035	0,2755
28,2	0,0815	0,237
28,25	0,065	0,197
28,3	0,0595	0,157
28,35	0,058	0,113
28,4	0,0655	0,08
28,45	0,0775	0,047
28,5	0,0995	0,023
28,55	0,1215	-0,0015
28,6	0,1525	-0,017
28,65	0,183	-0,028
28,7	0,219	-0,0295
28,75	0,2515	-0,0235
28,8	0,289	-0,009
28,85	0,327	0,0115
28,9	0,3635	0,038
28,95	0,394	0,0705
29	0,424	0,1095
29,05	0,448	0,148
29,1	0,4705	0,1975
29,15	0,487	0,2405
29,2	0,4995	0,2895
29,25	0,503	0,332
29,3	0,501	0,379
29,35	0,4935	0,414
29,4	0,48	0,4475
29,45	0,4595	0,474
29,5	0,4385	0,4965
29,55	0,412	0,508
29,6	0,385	0,516
29,65	0,353	0,513
29,7	0,3235	0,501
29,75	0,2925	0,479
29,8	0,265	0,455
29,85	0,2375	0,417
29,9	0,2135	0,38
29,95	0,192	0,334
30	0,1755	0,2865
30,05	0,1595	0,238
30,1	0,148	0,19
30,15	0,1435	0,135
30,2	0,143	0,0895
30,25	0,144	0,045
30,3	0,1515	0,007
30,35	0,159	-0,03
30,4	0,1735	-0,0525
30,45	0,189	-0,074
30,5	0,2115	-0,079
30,55	0,233	-0,081
30,6	0,2555	-0,0715
30,65	0,2765	-0,056
30,7	0,299	-0,0285
30,75	0,3205	0,0055
30,8	0,342	0,049
30,85	0,358	0,095
30,9	0,376	0,147
30,95	0,387	0,1955
31	0,3985	0,2495
31,05	0,4045	0,303
31,1	0,413	0,3535
31,15	0,4155	0,401
31,2	0,4145	0,448
31,25	0,4085	0,4835
31,3	0,4005	0,5185
31,35	0,39	0,538
31,4	0,384	0,55
31,45	0,37	0,5535
31,5	0,358	0,5465
31,55	0,3405	0,5295
31,6	0,329	0,508
31,65	0,315	0,475
31,7	0,2995	0,4355
31,75	0,284	0,3875
31,8	0,273	0,338
31,85	0,2595	0,284
31,9	0,2485	0,2265
31,95	0,2365	0,1675
32	0,234	0,1145
32,05	0,2275	0,0665
32,1	0,2245	0,0215
32,15	0,221	-0,021
32,2	0,221	-0,0575
32,25	0,2215	-0,0835
32,3	0,225	-0,1
32,35	0,228	-0,106
32,4	0,2355	-0,1
32,45	0,2405	-0,0885
32,5	0,247	-0,0645
32,55	0,254	-0,0355
32,6	0,262	0,0025
32,65	0,2705	0,047
32,7	0,276	0,097
32,75	0,283	0,148
32,8	0,2935	0,2065
32,85	0,3025	0,2615
32,9	0,312	0,319
32,95	0,322	0,371
33	0,3325	0,4215
33,05	0,338	0,4645
33,1	0,3455	0,501
33,15	0,349	0,529
33,2	0,357	0,5515
33,25	0,365	0,56
33,3	0,369	0,5605
33,35	0,371	0,5515
33,4	0,371	0,532
33,45	0,371	0,5065
33,5	0,37	0,466
33,55	0,369	0,424
33,6	0,366	0,3765
33,65	0,363	0,3255
33,7	0,355	0,269
33,75	0,349	0,214
33,8	0,3375	0,161
33,85	0,328	0,1055
33,9	0,3165	0,0565
33,95	0,3035	0,012
34	0,288	-0,0265
34,05	0,275	-0,0555
34,1	0,2605	-0,0795
34,15	0,2475	-0,0955
34,2	0,234	-0,1005
34,25	0,2245	-0,093
34,3	0,2135	-0,0785
34,35	0,204	-0,0535
34,4	0,1945	-0,0195
34,45	0,191	0,022
34,5	0,1875	0,066
34,55	0,1885	0,114
34,6	0,19	0,167
34,65	0,197	0,22
34,7	0,205	0,2715
34,75	0,219	0,3265
34,8	0,232	0,3735
34,85	0,25	0,4195
34,9	0,267	0,458
34,95	0,2905	0,4915
35	0,311	0,5165
35,05	0,3325	0,5315
35,1	0,356	0,5365
35,15	0,378	0,5345
35,2	0,397	0,5235
35,25	0,417	0,504
35,3	0,431	0,4745
35,35	0,442	0,44
35,4	0,45	0,397
35,45	0,4575	0,3555
35,5	0,4575	0,306
35,55	0,4555	0,2545
35,6	0,4445	0,204
35,65	0,434	0,1545
35,7	0,4165	0,1065
35,75	0,396	0,0655
35,8	0,3705	0,028
35,85	0,3435	-0,002
35,9	0,314	-0,032
35,95	0,2865	-0,05
36	0,256	-0,0615
36,05	0,229	-0,0605
36,1	0,199	-0,054
36,15	0,1765	-0,0325
36,2	0,151	-0,0125
36,25	0,132	0,0185
36,3	0,117	0,0525
36,35	0,1085	0,096
36,4	0,103	0,136
36,45	0,1055	0,1845
36,5	0,1135	0,227
36,55	0,128	0,274
36,6	0,143	0,316
36,65	0,1665	0,361
36,7	0,1885	0,3965
36,75	0,2225	0,4285
36,8	0,2535	0,4515
36,85	0,29	0,472
36,9	0,325	0,4815
36,95	0,3655	0,4865
37	0,3995	0,483
37,05	0,4345	0,4725
37,1	0,464	0,4545
37,15	0,493	0,433
37,2	0,5115	0,3995
37,25	0,526	0,3675
37,3	0,5335	0,3295
37,35	0,5375	0,292
37,4	0,5315	0,2485
37,45	0,519	0,2075
37,5	0,4995	0,1665
37,55	0,4775	0,133
37,6	0,4475	0,095
37,65	0,4135	0,0695
37,7	0,3725	0,043
37,75	0,3335	0,024
37,8	0,292	0,01
37,85	0,25	0,0075
37,9	0,208	0,009
37,95	0,171	0,0175
38	0,1325	0,027
38,05	0,101	0,0445
38,1	0,0715	0,068
38,15	0,0495	0,098
38,2	0,0355	0,123
38,25	0,031	0,1585
38,3	0,0345	0,1915
38,35	0,0435	0,229
38,4	0,058	0,259
38,45	0,084	0,2925
38,5	0,113	0,3205
38,55	0,152	0,3485
38,6	0,1935	0,3675
38,65	0,2375	0,3895
38,7	0,285	0,3985
38,75	0,3335	0,409
38,8	0,3795	0,409
38,85	0,427	0,4085
38,9	0,4675	0,402
38,95	0,507	0,39
39	0,5385	0,3725
39,05	0,565	0,3525
39,1	0,585	0,332
39,15	0,594	0,308
39,2	0,5945	0,279
39,25	0,591	0,2555
39,3	0,576	0,229
39,35	0,5495	0,204
39,4	0,519	0,175
39,45	0,481	0,151
39,5	0,4405	0,133
39,55	0,396	0,1195
39,6	0,3415	0,103
39,65	0,2865	0,095
39,7	0,231	0,0875
39,75	0,1825	0,091
39,8	0,134	0,0905
39,85	0,0915	0,0965
39,9	0,054	0,1055
39,95	0,026	0,1205
40	0,0035	0,1335
40,05	-0,0095	0,1485
40,1	-0,015	0,168
40,15	-0,0125	0,1885
40,2	0,0025	0,2055
40,25	0,0275	0,224
40,3	0,057	0,241
40,35	0,0945	0,2585
40,4	0,137	0,273
40,45	0,1845	0,289
40,5	0,236	0,2995
40,55	0,2905	0,308
40,6	0,3475	0,3185
40,65	0,4	0,3265
40,7	0,45	0,3265
40,75	0,4945	0,325
40,8	0,5365	0,3245
40,85	0,57	0,32
40,9	0,6005	0,314
40,95	0,618	0,303
41	0,6295	0,2905
41,05	0,6275	0,281
41,1	0,6185	0,272
41,15	0,5985	0,2625
41,2	0,5705	0,2475
41,25	0,5335	0,237
41,3	0,4915	0,2245
41,35	0,4415	0,2175
41,4	0,3885	0,2065
41,45	0,3315	0,197
41,5	0,274	0,19
41,55	0,2185	0,181
41,6	0,166	0,1785
41,65	0,118	0,1745
41,7	0,0735	0,1715
41,75	0,0325	0,165
41,8	0,0055	0,1655
41,85	-0,02	0,1625
41,9	-0,0315	0,1635
41,95	-0,0335	0,1625
42	-0,0235	0,166
42,05	-0,0085	0,168
42,1	0,0175	0,1735
42,15	0,0515	0,177
42,2	0,09	0,185
42,25	0,136	0,19
42,3	0,192	0,202
42,35	0,247	0,2065
42,4	0,303	0,216
42,45	0,3575	0,2265
42,5	0,4145	0,237
42,55	0,4655	0,243
42,6	0,512	0,2545
42,65	0,5505	0,261
42,7	0,581	0,271
42,75	0,6065	0,2775
42,8	0,623	0,286
42,85	0,6275	0,295
42,9	0,6255	0,303
42,95	0,6125	0,306
43	0,5885	0,313
43,05	0,5565	0,3155
43,1	0,5185	0,3145
43,15	0,473	0,31
43,2	0,4255	0,31
43,25	0,3725	0,3035
43,3	0,319	0,2965
43,35	0,2615	0,284
43,4	0,2065	0,274
43,45	0,156	0,261
43,5	0,1135	0,2485
43,55	0,0705	0,232
43,6	0,0375	0,2155
43,65	0,009	0,196
43,7	-0,0095	0,183
43,75	-0,022	0,1645
43,8	-0,021	0,149
43,85	-0,012	0,134
43,9	0,008	0,124
43,95	0,035	0,109
44	0,07	0,107
44,05	0,109	0,1025
44,1	0,1575	0,1025
44,15	0,2065	0,105
44,2	0,26	0,1135
44,25	0,3125	0,12
44,3	0,3655	0,1355
44,35	0,413	0,1475
44,4	0,461	0,171
44,45	0,5015	0,19
44,5	0,542	0,213
44,55	0,569	0,2345
44,6	0,591	0,262
44,65	0,5985	0,2855
44,7	0,605	0,311
44,75	0,5955	0,33
44,8	0,583	0,3525
44,85	0,56	0,3665
44,9	0,531	0,384
44,95	0,491	0,3905
45	0,4495	0,3995
45,05	0,4025	0,3985
45,1	0,3565	0,396
45,15	0,308	0,384
45,2	0,2615	0,3745
45,25	0,2155	0,3535
45,3	0,1705	0,33
45,35	0,128	0,301
45,4	0,093	0,276
45,45	0,0635	0,2475
45,5	0,0445	0,218
45,55	0,0305	0,185
45,6	0,0245	0,154
45,65	0,027	0,121
45,7	0,039	0,096
45,75	0,0545	0,069
45,8	0,081	0,0505
45,85	0,1105	0,03
45,9	0,1445	0,022
45,95	0,181	0,014
46	0,226	0,0205
46,05	0,2695	0,0275
46,1	0,312	0,043
46,15	0,356	0,059
46,2	0,401	0,0835
46,25	0,4375	0,113
46,3	0,471	0,1475
46,35	0,494	0,1815
46,4	0,5195	0,2195
46,45	0,5335	0,256
46,5	0,543	0,2955
46,55	0,5415	0,3315
46,6	0,5365	0,37
46,65	0,5235	0,4005
46,7	0,507	0,43
46,75	0,482	0,45
46,8	0,4525	0,4635
46,85	0,416	0,471
46,9	0,3825	0,4745
46,95	0,3435	0,468
47	0,305	0,4575
47,05	0,2685	0,437
47,1	0,2355	0,4115
47,15	0,1985	0,3795
47,2	0,168	0,3445
47,25	0,142	0,3005
47,3	0,1225	0,2625
47,35	0,105	0,217
47,4	0,0965	0,168
47,45	0,093	0,124
47,5	0,097	0,088
47,55	0,1035	0,05
47,6	0,118	0,018
47,65	0,136	-0,009
47,7	0,1575	-0,031
47,75	0,181	-0,0465
47,8	0,2105	-0,0465
47,85	0,241	-0,0455
47,9	0,274	-0,036
47,95	0,305	-0,016
48	0,3375	0,008
48,05	0,366	0,04
48,1	0,3905	0,079
48,15	0,4125	0,124
48,2	0,433	0,173
48,25	0,45	0,2185
48,3	0,4615	0,2685
48,35	0,468	0,3155
48,4	0,467	0,363
48,45	0,4615	0,406
48,5	0,4555	0,4425
48,55	0,4405	0,4735
48,6	0,429	0,501
48,65	0,411	0,5155
48,7	0,392	0,527
48,75	0,3695	0,5285
48,8	0,3455	0,5205
48,85	0,321	0,5015
48,9	0,296	0,477
48,95	0,2715	0,4445
49	0,2505	0,406
49,05	0,231	0,361
49,1	0,2125	0,3105
49,15	0,2	0,259
49,2	0,1905	0,209
49,25	0,183	0,152
49,3	0,179	0,1015
49,35	0,1775	0,0565
49,4	0,178	0,014
49,45	0,1835	-0,022
49,5	0,1925	-0,0515
49,55	0,2035	-0,0735
49,6	0,214	-0,0855
49,65	0,2265	-0,088
49,7	0,2405	-0,084
49,75	0,256	-0,071
49,8	0,2725	-0,0435
49,85	0,29	-0,0145
49,9	0,305	0,026
49,95	0,32	0,0705
50	0,3345	0,1195
50,05	0,349	0,1715
50,1	0,358	0,224
50,15	0,3685	0,2795
50,2	0,3725	0,3345
50,25	0,3765	0,388
50,3	0,3765	0,43
50,35	0,38	0,47
50,4	0,379	0,505
50,45	0,3795	0,5315
50,5	0,3735	0,545
50,55	0,367	0,553
50,6	0,362	0,55
50,65	0,3575	0,5405
50,7	0,3495	0,516
50,75	0,342	0,49
50,8	0,329	0,45
50,85	0,32	0,4085
50,9	0,3085	0,3585
50,95	0,301	0,308
51	0,292	0,2535
51,05	0,284	0,1965
51,1	0,275	0,1395
51,15	0,268	0,0905
51,2	0,2605	0,0395
51,25	0,254	-0,0045
51,3	0,2485	-0,041
51,35	0,2475	-0,068
51,4	0,239	-0,087
51,45	0,2355	-0,095
51,5	0,2305	-0,1
51,55	0,2315	-0,09
51,6	0,23	-0,072
51,65	0,2305	-0,0435
51,7	0,233	-0,01
51,75	0,2375	0,033
51,8	0,2425	0,081
51,85	0,2475	0,1305
51,9	0,2515	0,1845
51,95	0,261	0,2405
52	0,27	0,2955
52,05	0,2795	0,351
52,1	0,2895	0,4
52,15	0,3035	0,445
52,2	0,317	0,4795
52,25	0,3275	0,5155
52,3	0,34	0,533
52,35	0,351	0,546
52,4	0,36	0,5485
52,45	0,3725	0,547
52,5	0,3795	0,5325
52,55	0,39	0,511
52,6	0,3955	0,477
52,65	0,4	0,439
52,7	0,402	0,393
52,75	0,402	0,344
52,8	0,395	0,2885
52,85	0,391	0,2395
52,9	0,3815	0,1855
52,95	0,3715	0,134
53	0,357	0,082
53,05	0,344	0,038
53,1	0,3245	-0,002
53,15	0,3045	-0,03
53,2	0,282	-0,059
53,25	0,2635	-0,0765
53,3	0,2445	-0,084
53,35	0,226	-0,0795
53,4	0,205	-0,0695
53,45	0,192	-0,047
53,5	0,1775	-0,022
53,55	0,1695	0,016
53,6	0,1605	0,0545
53,65	0,159	0,1
53,7	0,156	0,1475
53,75	0,16	0,199
53,8	0,163	0,247
53,85	0,177	0,3015
53,9	0,191	0,3455
53,95	0,212	0,3925
54	0,2335	0,429
54,05	0,2605	0,465
54,1	0,2845	0,487
54,15	0,313	0,5065
54,2	0,3395	0,513
54,25	0,3695	0,516
54,3	0,394	0,507
54,35	0,419	0,494
54,4	0,4395	0,471
54,45	0,4565	0,4425
54,5	0,4705	0,4095
54,55	0,48	0,368
54,6	0,4825	0,319
54,65	0,483	0,2755
54,7	0,475	0,2265
54,75	0,462	0,181
54,8	0,4465	0,1365
54,85	0,4265	0,0975
54,9	0,3995	0,0575
54,95	0,3725	0,028
55	0,3395	-0,0015
55,05	0,3065	-0,015
55,1	0,2685	-0,0285
55,15	0,236	-0,033
55,2	0,2015	-0,031
55,25	0,1715	-0,017
55,3	0,143	-0,0005
55,35	0,12	0,0255
55,4	0,096	0,052
55,45	0,084	0,0895
55,5	0,0755	0,126
55,55	0,0735	0,167
55,6	0,0765	0,206
55,65	0,0875	0,252
55,7	0,1005	0,288
55,75	0,125	0,326
55,8	0,154	0,3585
55,85	0,186	0,3895
55,9	0,221	0,4135
55,95	0,2625	0,433
56	0,3035	0,442
56,05	0,3465	0,4505
56,1	0,3865	0,452
56,15	0,4265	0,4465
56,2	0,4605	0,4345
56,25	0,4905	0,415
56,3	0,5145	0,3915
56,35	0,535	0,3635
56,4	0,546	0,332
56,45	0,554	0,301
56,5	0,553	0,264
56,55	0,546	0,231
56,6	0,531	0,196
56,65	0,5095	0,164
56,7	0,481	0,132
56,75	0,4465	0,105
56,8	0,4075	0,082
56,85	0,3645	0,065
56,9	0,317	0,051
56,95	0,27	0,045
57	0,221	0,0395
57,05	0,179	0,04
57,1	0,136	0,0495
57,15	0,0985	0,062
57,2	0,066	0,0815
57,25	0,0395	0,102
57,3	0,022	0,1245
57,35	0,0135	0,1515
57,4	0,0125	0,177
57,45	0,0185	0,205
57,5	0,0325	0,23
57,55	0,056	0,2575
57,6	0,0835	0,2815
57,65	0,119	0,3085
57,7	0,1615	0,3295
57,75	0,209	0,347
57,8	0,2585	0,3585
57,85	0,312	0,37
57,9	0,3635	0,374
57,95	0,4115	0,374
58	0,4575	0,369
58,05	0,499	0,365
58,1	0,5335	0,3535
58,15	0,5655	0,3385
58,2	0,588	0,322
58,25	0,6015	0,3035
58,3	0,608	0,284
58,35	0,602	0,268
58,4	0,5905	0,248
58,45	0,569	0,2275
58,5	0,542	0,208
58,55	0,508	0,19
58,6	0,4635	0,174
58,65	0,413	0,159
58,7	0,3605	0,146
58,75	0,3085	0,136
58,8	0,2565	0,13
58,85	0,203	0,1245
58,9	0,151	0,1255
58,95	0,105	0,1275
59	0,0645	0,133
59,05	0,03	0,1395
59,1	0,006	0,1455
59,15	-0,013	0,152
59,2	-0,0185	0,163
59,25	-0,019	0,1755
59,3	-0,0085	0,1875
59,35	0,0095	0,2005
59,4	0,037	0,2135
59,45	0,07	0,2235
59,5	0,1135	0,236
59,55	0,159	0,2455
59,6	0,212	0,2595
59,65	0,2655	0,267
59,7	0,324	0,2745
59,75	0,3775	0,281
59,8	0,4315	0,2875
59,85	0,481	0,2905
59,9	0,526	0,292
59,95	0,561	0,293
60	0,591	0,2955
60,05	0,611	0,2965
60,1	0,6245	0,296
60,15	0,627	0,29
60,2	0,6195	0,2845
60,25	0,604	0,2775
60,3	0,579	0,277
60,35	0,545	0,269
60,4	0,505	0,2655
60,45	0,458	0,2565
60,5	0,407	0,2495
60,55	0,3525	0,2395
60,6	0,2965	0,231
60,65	0,2395	0,2225
60,7	0,1875	0,215
60,75	0,1395	0,206
60,8	0,0915	0,1995
60,85	0,0515	0,1905
60,9	0,02	0,181
60,95	-0,0055	0,174
61	-0,0215	0,1685
61,05	-0,028	0,1625
61,1	-0,023	0,159
61,15	-0,01	0,1525
61,2	0,0135	0,152
61,25	0,0415	0,146
61,3	0,0795	0,1485
61,35	0,1185	0,1505
61,4	0,171	0,1555
61,45	0,2235	0,1595
61,5	0,28	0,172
61,55	0,3335	0,1805
61,6	0,3885	0,1915
61,65	0,44	0,201
61,7	0,487	0,218
61,75	0,525	0,2305
61,8	0,5615	0,2475
61,85	0,586	0,2615
61,9	0,605	0,281
61,95	0,6135	0,294
62	0,615	0,3065
62,05	0,6045	0,3175
62,1	0,5845	0,3275
62,15	0,559	0,3345
62,2	0,5285	0,3425
62,25	0,484	0,3425
62,3	0,441	0,3445
62,35	0,392	0,34
62,4	0,3385	0,3355
62,45	0,2815	0,327
62,5	0,232	0,314
62,55	0,18	0,297
62,6	0,1355	0,28
62,65	0,0925	0,257
62,7	0,0585	0,239
62,75	0,03	0,215
62,8	0,0115	0,196
62,85	0,0015	0,1685
62,9	0,001	0,149
62,95	0,007	0,131
63	0,024	0,1115
63,05	0,041	0,095
63,1	0,072	0,082
63,15	0,106	0,074
63,2	0,149	0,07
63,25	0,192	0,066
63,3	0,2395	0,072
63,35	0,287	0,0775
63,4	0,3365	0,094
63,45	0,382	0,111
63,5	0,4285	0,1345
63,55	0,466	0,1585
63,6	0,5045	0,1865
63,65	0,531	0,2135
63,7	0,5555	0,2435
63,75	0,5675	0,2715
63,8	0,5745	0,3035
63,85	0,5725	0,3305
63,9	0,561	0,3585
63,95	0,542	0,3785
64	0,518	0,3985
64,05	0,4885	0,4115
64,1	0,4575	0,426
64,15	0,4165	0,43
64,2	0,3755	0,4295
64,25	0,3265	0,419
64,3	0,284	0,4075
64,35	0,2365	0,3865
64,4	0,1965	0,364
64,45	0,1605	0,3335
64,5	0,1275	0,303
64,55	0,0985	0,267
64,6	0,0765	0,234
64,65	0,06	0,195
64,7	0,055	0,1615
64,75	0,0515	0,1235
64,8	0,059	0,0955
64,85	0,0685	0,061
64,9	0,0895	0,036
64,95	0,1135	0,013
65	0,1445	0,001
65,05	0,176	-0,0085
65,1	0,212	-0,0065
65,15	0,248	-0,003
65,2	0,2895	0,009
65,25	0,328	0,027
65,3	0,3675	0,0525
65,35	0,402	0,081
65,4	0,434	0,119
65,45	0,459	0,1525
65,5	0,4815	0,196
65,55	0,496	0,235
65,6	0,5075	0,2825
65,65	0,508	0,3265
65,7	0,5055	0,367
65,75	0,4985	0,3995
65,8	0,486	0,4305
65,85	0,4685	0,458
65,9	0,445	0,477
65,95	0,4175	0,488
66	0,391	0,494
66,05	0,357	0,4915
66,1	0,3245	0,482
66,15	0,2935	0,4605
66,2	0,265	0,4365
66,25	0,2305	0,4055
66,3	0,2065	0,3705
66,35	0,1805	0,3275
66,4	0,161	0,2825
66,45	0,1465	0,235
66,5	0,136	0,188
66,55	0,13	0,14
66,6	0,1295	0,097
66,65	0,13	0,055
66,7	0,1405	0,024
66,75	0,1525	-0,0085
66,8	0,1675	-0,0355
66,85	0,186	-0,055
66,9	0,2085	-0,0635
66,95	0,2325	-0,067
67	0,2565	-0,056
67,05	0,2785	-0,037
67,1	0,3045	-0,015
67,15	0,3265	0,0135
67,2	0,3515	0,053
67,25	0,372	0,1005
67,3	0,388	0,1495
67,35	0,404	0,197
67,4	0,4175	0,246
67,45	0,4255	0,297
67,5	0,43	0,349
67,55	0,4285	0,394
67,6	0,4265	0,436
67,65	0,419	0,4715
67,7	0,4095	0,4995
67,75	0,401	0,519
67,8	0,386	0,5345
67,85	0,371	0,5355
67,9	0,353	0,532
67,95	0,337	0,521
68	0,32	0,4995
68,05	0,304	0,468
68,1	0,288	0,4305
68,15	0,2725	0,383
68,2	0,258	0,332
68,25	0,2425	0,278
68,3	0,234	0,2295
68,35	0,2265	0,1745
68,4	0,2195	0,121
68,45	0,2155	0,0725
68,5	0,2145	0,027
68,55	0,2145	-0,014
68,6	0,2175	-0,047
68,65	0,22	-0,07
68,7	0,22	-0,087
68,75	0,2295	-0,0945
68,8	0,2365	-0,0915
68,85	0,245	-0,0795
68,9	0,2535	-0,0605
68,95	0,2655	-0,031
69	0,273	0,0035
69,05	0,2835	0,0465
69,1	0,2935	0,0975
69,15	0,304	0,15
69,2	0,3125	0,202
69,25	0,324	0,261
69,3	0,3305	0,3155
69,35	0,337	0,3695
69,4	0,3395	0,416
69,45	0,349	0,4575
69,5	0,351	0,4915
69,55	0,3565	0,5205
69,6	0,358	0,538
69,65	0,3615	0,549
69,7	0,361	0,5495
69,75	0,3625	0,541
69,8	0,3625	0,523
69,85	0,3625	0,499
69,9	0,3595	0,462
69,95	0,3565	0,424
70	0,352	0,3745
70,05	0,3465	0,3275
70,1	0,3365	0,2745
70,15	0,3275	0,2155
70,2	0,3165	0,1625
70,25	0,3105	0,112
70,3	0,299	0,0605
70,35	0,288	0,0145
70,4	0,277	-0,0215
70,45	0,2675	-0,051
70,5	0,2555	-0,0735
70,55	0,2475	-0,085
70,6	0,236	-0,093
70,65	0,2265	-0,0855
70,7	0,217	-0,074
70,75	0,213	-0,0495
70,8	0,2065	-0,0175
70,85	0,206	0,0185
70,9	0,204	0,0615
70,95	0,209	0,112
71	0,2115	0,1595
71,05	0,218	0,2175
71,1	0,2265	0,2715
71,15	0,241	0,325
71,2	0,2535	0,369
71,25	0,2665	0,416
71,3	0,281	0,4545
71,35	0,3015	0,4895
71,4	0,318	0,511
71,45	0,3385	0,529
71,5	0,355	0,5335
71,55	0,3725	0,5345
71,6	0,387	0,522
71,65	0,4035	0,504
71,7	0,415	0,4735
71,75	0,425	0,4405
71,8	0,4315	0,4005
71,85	0,4335	0,357
71,9	0,4305	0,306
71,95	0,426	0,26
72	0,419	0,2065
72,05	0,407	0,157
72,1	0,39	0,1065
72,15	0,3735	0,067
72,2	0,351	0,0295
72,25	0,33	-0,0025
72,3	0,3065	-0,0315
72,35	0,284	-0,049
72,4	0,2565	-0,0615
72,45	0,233	-0,0645
72,5	0,2055	-0,0565
72,55	0,185	-0,039
72,6	0,1665	-0,0155
72,65	0,153	0,0155
72,7	0,135	0,046
72,75	0,1275	0,089
72,8	0,123	0,1335
72,85	0,1265	0,1835
72,9	0,131	0,2265
72,95	0,145	0,2725
73	0,159	0,315
73,05	0,18	0,3615
73,1	0,202	0,398
73,15	0,2335	0,43
73,2	0,259	0,453
73,25	0,2925	0,472
73,3	0,3215	0,484
73,35	0,3575	0,4895
73,4	0,389	0,488
73,45	0,42	0,476
73,5	0,4445	0,4585
73,55	0,469	0,4355
73,6	0,4885	0,404
73,65	0,503	0,373
73,7	0,508	0,331
73,75	0,514	0,291
73,8	0,508	0,247
73,85	0,497	0,2085
73,9	0,4785	0,169
73,95	0,4595	0,1335
74	0,4345	0,0965
74,05	0,406	0,067
74,1	0,369	0,0355
74,15	0,3315	0,0175
74,2	0,29	0,003
74,25	0,256	-0,0035
74,3	0,215	-0,002
74,35	0,1785	0,007
74,4	0,1445	0,017
74,45	0,115	0,036
74,5	0,088	0,059
74,55	0,068	0,0875
74,6	0,056	0,119
74,65	0,0535	0,1565
74,7	0,0525	0,189
74,75	0,0605	0,2275
74,8	0,074	0,262
74,85	0,096	0,2985
74,9	0,122	0,327
74,95	0,161	0,357
75	0,196	0,3765
75,05	0,2405	0,395
75,1	0,282	0,411
75,15	0,328	0,4215
75,2	0,3705	0,42
75,25	0,416	0,417
75,3	0,4545	0,4045
75,35	0,49	0,399
75,4	0,5215	0,381
75,45	0,5435	0,361
75,5	0,5615	0,3345
75,55	0,573	0,3075
75,6	0,575	0,276
75,65	0,5685	0,249
75,7	0,5545	0,2225
75,75	0,534	0,196
75,8	0,502	0,1645
75,85	0,4705	0,1405
75,9	0,4285	0,12
75,95	0,3825	0,1035
76	0,334	0,09
76,05	0,289	0,0795
76,1	0,239	0,0755
76,15	0,1915	0,076
76,2	0,1475	0,0815
76,25	0,109	0,0895
76,3	0,0725	0,098
76,35	0,041	0,112
76,4	0,019	0,129
76,45	0,0075	0,1485
76,5	0,0045	0,1675
76,55	0,008	0,1885
76,6	0,018	0,2105
76,65	0,037	0,233
76,7	0,0645	0,252
76,75	0,101	0,272
76,8	0,1415	0,289
76,85	0,1855	0,301
76,9	0,232	0,316
76,95	0,2865	0,3255
77	0,34	0,3315
77,05	0,3915	0,336
77,1	0,4425	0,3375
77,15	0,485	0,337
77,2	0,524	0,333
77,25	0,558	0,3255
77,3	0,584	0,318
77,35	0,6015	0,309
77,4	0,6105	0,295
77,45	0,609	0,2795
77,5	0,6005	0,266
77,55	0,5835	0,251
77,6	0,557	0,235
77,65	0,522	0,2235
77,7	0,4825	0,212
77,75	0,4335	0,199
77,8	0,3855	0,188
77,85	0,33	0,1795
77,9	0,279	0,1705
77,95	0,2255	0,163
78	0,174	0,1615
78,05	0,1225	0,16
78,1	0,081	0,16
78,15	0,043	0,156
78,2	0,014	0,16
78,25	-0,0045	0,161
78,3	-0,0165	0,1635
78,35	-0,019	0,1645
78,4	-0,012	0,1745
78,45	0,0005	0,1795
78,5	0,025	0,1875
78,55	0,056	0,191
78,6	0,0965	0,2
78,65	0,142	0,207
78,7	0,1915	0,217
78,75	0,243	0,2245
78,8	0,299	0,2345
78,85	0,3535	0,244
78,9	0,4085	0,251
78,95	0,458	0,2575
79	0,502	0,263
79,05	0,5405	0,2705
79,1	0,5745	0,2795
79,15	0,6005	0,282
79,2	0,618	0,289
79,25	0,623	0,293
79,3	0,621	0,2945
79,35	0,6065	0,294
79,4	0,5855	0,298
79,45	0,555	0,295
79,5	0,5185	0,2965
79,55	0,4725	0,2915
79,6	0,425	0,2885
79,65	0,3705	0,2805
79,7	0,317	0,2745
79,75	0,2635	0,266
79,8	0,213	0,2565
79,85	0,1595	0,2455
79,9	0,1155	0,2315
79,95	0,074	0,2155
80	0,0415	0,205
80,05	0,0135	0,192
80,1	-0,0055	0,18
80,15	-0,017	0,1625
80,2	-0,016	0,151
80,25	-0,006	0,141
80,3	0,0135	0,1345
80,35	0,04	0,126
80,4	0,0745	0,123
80,45	0,112	0,118
80,5	0,16	0,1185
80,55	0,2045	0,121
80,6	0,2585	0,1285
80,65	0,308	0,1375
80,7	0,3645	0,1505
80,75	0,4115	0,1615
80,8	0,458	0,181
80,85	0,498	0,198
80,9	0,5355	0,2235
80,95	0,563	0,2425
81	0,584	0,2665
81,05	0,5955	0,284
81,1	0,602	0,3045
81,15	0,594	0,321
81,2	0,5795	0,3365
81,25	0,557	0,346
81,3	0,529	0,363
81,35	0,4915	0,369
81,4	0,4535	0,3775
81,45	0,4085	0,375
81,5	0,3615	0,373
81,55	0,3095	0,3605
81,6	0,262	0,351
81,65	0,2145	0,3325
81,7	0,1735	0,312
81,75	0,131	0,291
81,8	0,0975	0,269
81,85	0,0675	0,24
81,9	0,046	0,2135
81,95	0,031	0,1795
82	0,0245	0,153
82,05	0,0225	0,1225
82,1	0,035	0,101
82,15	0,051	0,0775
82,2	0,077	0,061
82,25	0,105	0,049
82,3	0,1445	0,044
82,35	0,1835	0,0365
82,4	0,229	0,04
82,45	0,2725	0,047
82,5	0,3175	0,0625
82,55	0,357	0,077
82,6	0,3995	0,097
82,65	0,4355	0,125
82,7	0,4725	0,1565
82,75	0,5005	0,1855
82,8	0,522	0,221
82,85	0,5365	0,254
82,9	0,546	0,2925
82,95	0,5455	0,3225
83	0,5425	0,3555
83,05	0,529	0,3795
83,1	0,512	0,407
83,15	0,487	0,4265
83,2	0,4555	0,443
83,25	0,4215	0,4505
83,3	0,3865	0,455
83,35	0,346	0,449
83,4	0,3055	0,4395
83,45	0,2645	0,4235
83,5	0,2305	0,399
83,55	0,193	0,366
83,6	0,1625	0,3325
83,65	0,1335	0,296
83,7	0,113	0,259
83,75	0,096	0,2165
83,8	0,084	0,174
83,85	0,08	0,1335
83,9	0,083	0,0985
83,95	0,0915	0,059
84	0,1075	0,035
84,05	0,1285	0,0085
84,1	0,151	-0,0125
84,15	0,1765	-0,026
84,2	0,2085	-0,029
84,25	0,2395	-0,0265
84,3	0,271	-0,017
84,35	0,3045	0,001
84,4	0,337	0,0255
84,45	0,3695	0,0515
84,5	0,3985	0,089
84,55	0,4235	0,1285
84,6	0,4465	0,1725
84,65	0,4615	0,217
84,7	0,4715	0,2635
84,75	0,477	0,3075
84,8	0,4785	0,352
84,85	0,474	0,389
84,9	0,4635	0,428
84,95	0,4535	0,457
85	0,437	0,483
85,05	0,417	0,5015
85,1	0,3935	0,5115
85,15	0,3665	0,5095
85,2	0,342	0,5015
85,25	0,3175	0,487
85,3	0,2915	0,461
85,35	0,2685	0,4315
85,4	0,2425	0,3965
85,45	0,223	0,3555
85,5	0,2025	0,307
85,55	0,189	0,258
85,6	0,1775	0,2075
85,65	0,171	0,1595
85,7	0,167	0,112
85,75	0,1655	0,0695
85,8	0,1665	0,027
85,85	0,177	-0,0055
85,9	0,185	-0,0355
85,95	0,199	-0,0565
86	0,2115	-0,0725
86,05	0,2295	-0,0735
86,1	0,247	-0,0665
86,15	0,262	-0,053
86,2	0,278	-0,0345
86,25	0,299	-0,002
86,3	0,317	0,033
86,35	0,336	0,075
86,4	0,35	0,121
86,45	0,365	0,1705
86,5	0,3745	0,2245
86,55	0,3845	0,2785
86,6	0,39	0,329
86,65	0,395	0,379
86,7	0,395	0,42
86,75	0,3965	0,462
86,8	0,3925	0,4935
86,85	0,3895	0,5185
86,9	0,381	0,534
86,95	0,3725	0,54
87	0,364	0,5385
87,05	0,357	0,53
87,1	0,3415	0,507
87,15	0,3305	0,48
87,2	0,3185	0,443
87,25	0,307	0,4
87,3	0,296	0,351
87,35	0,2855	0,304
87,4	0,2745	0,2485
87,45	0,266	0,1975
87,5	0,2575	0,1435
87,55	0,2515	0,091
87,6	0,2445	0,043
87,65	0,2425	0,0025
87,7	0,239	-0,0345
87,75	0,2365	-0,061
87,8	0,2325	-0,081
87,85	0,234	-0,087
87,9	0,2315	-0,093
87,95	0,235	-0,0835
88	0,2375	-0,067
88,05	0,242	-0,0395
88,1	0,245	-0,0085
88,15	0,2525	0,033
88,2	0,259	0,0795
88,25	0,266	0,1305
88,3	0,2705	0,1805
88,35	0,28	0,2355
88,4	0,288	0,2925
88,45	0,299	0,347
88,5	0,3055	0,3915
88,55	0,319	0,4355
88,6	0,326	0,472
88,65	0,3365	0,505
88,7	0,343	0,524
88,75	0,352	0,5405
88,8	0,3595	0,5415
88,85	0,3685	0,5395
88,9	0,373	0,523
88,95	0,3775	0,5045
89	0,379	0,4735
89,05	0,3805	0,4385
89,1	0,379	0,394
89,15	0,381	0,3485
89,2	0,377	0,2925
89,25	0,372	0,2415
89,3	0,36	0,1855
89,35	0,35	0,136
89,4	0,337	0,0845
89,45	0,326	0,0395
89,5	0,311	0,002
89,55	0,296	-0,029
89,6	0,279	-0,0535
89,65	0,261	-0,067
89,7	0,2435	-0,078
89,75	0,231	-0,0745
89,8	0,216	-0,0645
89,85	0,204	-0,044
89,9	0,191	-0,0195
89,95	0,187	0,0125
90	0,1805	0,052
90,05	0,1775	0,0975
90,1	0,1755	0,1425
90,15	0,181	0,1955
90,2	0,187	0,2465
90,25	0,1995	0,2985
90,3	0,215	0,345
90,35	0,233	0,3885
90,4	0,2505	0,4285
90,45	0,2725	0,461
90,5	0,295	0,4835
90,55	0,3185	0,502
90,6	0,34	0,5105
90,65	0,362	0,5165
90,7	0,382	0,506
90,75	0,4055	0,493
90,8	0,423	0,467
90,85	0,439	0,4415
90,9	0,4495	0,4045
90,95	0,4625	0,3665
91	0,4655	0,3215
91,05	0,466	0,278
91,1	0,4585	0,228
91,15	0,4465	0,1855
91,2	0,431	0,142
91,25	0,412	0,099
91,3	0,3895	0,0545
91,35	0,365	0,0255
91,4	0,333	-0,001
91,45	0,302	-0,019
91,5	0,2695	-0,033
91,55	0,241	-0,035
91,6	0,212	-0,0315
91,65	0,1845	-0,021
91,7	0,157	-0,005
91,75	0,134	0,0195
91,8	0,116	0,0485
91,85	0,104	0,086
91,9	0,096	0,125
91,95	0,096	0,165
92	0,0965	0,2065
92,05	0,106	0,2485
92,1	0,1195	0,2885
92,15	0,142	0,328
