MIN=0	-1	-1
MAX=80	1	1
SCALE=80	0.5	0.5
DEC=2	3	3
DEF="Zeit" t / s	"Spannung" U_A1 / V	"Spannung" U_B1 / V
0	0.109	-0.074
0.05	0.168	-0.011
0.1	0.2335	0.0545
0.15	0.3005	0.1255
0.2	0.3725	0.192
0.25	0.445	0.2625
0.3	0.508	0.328
0.35	0.5755	0.391
0.4	0.6345	0.4425
0.45	0.687	0.4935
0.5	0.732	0.53
0.55	0.7675	0.556
0.6	0.7895	0.572
0.65	0.803	0.5775
0.7	0.8045	0.57
0.75	0.797	0.554
0.8	0.775	0.5255
0.85	0.7415	0.4845
0.9	0.6995	0.436
0.95	0.647	0.382
1	0.59	0.32
1.05	0.528	0.2555
1.1	0.458	0.189
1.15	0.389	0.1175
1.2	0.3165	0.047
1.25	0.2465	-0.019
1.3	0.181	-0.08
1.35	0.121	-0.133
1.4	0.067	-0.18
1.45	0.023	-0.218
1.5	-0.013	-0.2475
1.55	-0.038	-0.265
1.6	-0.0545	-0.272
1.65	-0.058	-0.2665
1.7	-0.052	-0.2545
1.75	-0.0315	-0.224
1.8	-0.0015	-0.19
1.85	0.0405	-0.146
1.9	0.0875	-0.0925
1.95	0.1465	-0.029
2	0.209	0.0355
2.05	0.275	0.1035
2.1	0.3465	0.171
2.15	0.4165	0.2395
2.2	0.487	0.3055
2.25	0.5555	0.371
2.3	0.6155	0.426
2.35	0.672	0.472
2.4	0.721	0.512
2.45	0.7615	0.545
2.5	0.7905	0.562
2.55	0.806	0.5725
2.6	0.808	0.569
2.65	0.802	0.5555
2.7	0.7805	0.5295
2.75	0.753	0.4945
2.8	0.715	0.4485
2.85	0.6675	0.3975
2.9	0.6085	0.3385
2.95	0.548	0.2755
3	0.479	0.2075
3.05	0.4105	0.138
3.1	0.339	0.069
3.15	0.2705	0.004
3.2	0.2025	-0.059
3.25	0.14	-0.1125
3.3	0.08	-0.1645
3.35	0.0365	-0.206
3.4	-0.003	-0.239
3.45	-0.031	-0.2575
3.5	-0.0525	-0.27
3.55	-0.0595	-0.267
3.6	-0.056	-0.2555
3.65	-0.04	-0.231
3.7	-0.0125	-0.199
3.75	0.0265	-0.1565
3.8	0.071	-0.11
3.85	0.128	-0.051
3.9	0.187	0.0135
3.95	0.2545	0.08
4	0.323	0.146
4.05	0.396	0.2145
4.1	0.4655	0.2795
4.15	0.5345	0.346
4.2	0.5995	0.4015
4.25	0.6595	0.4545
4.3	0.7065	0.496
4.35	0.7495	0.529
4.4	0.78	0.551
4.45	0.8025	0.5655
4.5	0.8095	0.567
4.55	0.809	0.555
4.6	0.7925	0.5335
4.65	0.7665	0.5055
4.7	0.7275	0.465
4.75	0.682	0.4155
4.8	0.628	0.3585
4.85	0.567	0.297
4.9	0.502	0.23
4.95	0.431	0.163
5	0.357	0.0955
5.05	0.288	0.0315
5.1	0.2205	-0.034
5.15	0.1575	-0.0895
5.2	0.0985	-0.1435
5.25	0.0485	-0.1865
5.3	0.004	-0.2225
5.35	-0.0255	-0.245
5.4	-0.05	-0.2605
5.45	-0.0595	-0.265
5.5	-0.06	-0.2585
5.55	-0.046	-0.2375
5.6	-0.0235	-0.21
5.65	0.0115	-0.1705
5.7	0.0535	-0.124
5.75	0.109	-0.0685
5.8	0.1665	-0.007
5.85	0.2345	0.0575
5.9	0.3015	0.124
5.95	0.373	0.1905
6	0.4435	0.2575
6.05	0.512	0.3225
6.1	0.5765	0.3785
6.15	0.6395	0.4325
6.2	0.689	0.4775
6.25	0.736	0.5185
6.3	0.7715	0.544
6.35	0.797	0.559
6.4	0.8075	0.565
6.45	0.811	0.56
6.5	0.7985	0.543
6.55	0.7775	0.517
6.6	0.744	0.4775
6.65	0.703	0.4355
6.7	0.65	0.3805
6.75	0.592	0.322
6.8	0.5235	0.2575
6.85	0.456	0.1905
6.9	0.3815	0.1215
6.95	0.314	0.056
7	0.2415	-0.0115
7.05	0.177	-0.0685
7.1	0.1125	-0.126
7.15	0.059	-0.1725
7.2	0.0125	-0.208
7.25	-0.0205	-0.2375
7.3	-0.0475	-0.257
7.35	-0.0575	-0.2625
7.4	-0.0615	-0.2625
7.45	-0.055	-0.2475
7.5	-0.0365	-0.2215
7.55	0.0005	-0.1865
7.6	0.038	-0.144
7.65	0.0915	-0.0915
7.7	0.1505	-0.031
7.75	0.214	0.034
7.8	0.28	0.0965
7.85	0.351	0.1645
7.9	0.423	0.229
7.95	0.4955	0.2925
8	0.5615	0.3555
8.05	0.6215	0.412
8.1	0.6775	0.461
8.15	0.7265	0.5045
8.2	0.762	0.534
8.25	0.7905	0.5555
8.3	0.807	0.5625
8.35	0.812	0.5605
8.4	0.8035	0.547
8.45	0.785	0.5275
8.5	0.7545	0.4925
8.55	0.716	0.451
8.6	0.663	0.399
8.65	0.608	0.3425
8.7	0.544	0.274
8.75	0.479	0.2115
8.8	0.405	0.1435
8.85	0.334	0.0785
8.9	0.26	0.012
8.95	0.1935	-0.05
9	0.131	-0.106
9.05	0.0755	-0.155
9.1	0.025	-0.1975
9.15	-0.0095	-0.227
9.2	-0.043	-0.2485
9.25	-0.0585	-0.2595
9.3	-0.067	-0.2615
9.35	-0.0595	-0.251
9.4	-0.0425	-0.229
9.45	-0.0115	-0.1955
9.5	0.026	-0.157
9.55	0.0755	-0.1095
9.6	0.13	-0.0535
9.65	0.196	0.008
9.7	0.2615	0.07
9.75	0.335	0.1395
9.8	0.4035	0.206
9.85	0.475	0.273
9.9	0.5425	0.3365
9.95	0.6085	0.397
10	0.6655	0.4455
10.05	0.7155	0.489
10.1	0.7535	0.5215
10.15	0.7845	0.5455
10.2	0.8025	0.5575
10.25	0.812	0.561
10.3	0.8085	0.5495
10.35	0.793	0.5315
10.4	0.765	0.5015
10.45	0.7305	0.463
10.5	0.681	0.4165
10.55	0.6255	0.36
10.6	0.5615	0.3
10.65	0.495	0.2385
10.7	0.424	0.17
10.75	0.3535	0.103
10.8	0.281	0.0365
10.85	0.215	-0.0235
10.9	0.1485	-0.082
10.95	0.092	-0.1355
11	0.041	-0.1815
11.05	0	-0.217
11.1	-0.0325	-0.245
11.15	-0.0535	-0.258
11.2	-0.0605	-0.2615
11.25	-0.055	-0.2515
11.3	-0.045	-0.236
11.35	-0.019	-0.2085
11.4	0.015	-0.1735
11.45	0.0615	-0.128
11.5	0.1135	-0.075
11.55	0.177	-0.0155
11.6	0.24	0.05
11.65	0.3145	0.114
11.7	0.384	0.1815
11.75	0.457	0.251
11.8	0.5235	0.311
11.85	0.5895	0.371
11.9	0.649	0.426
11.95	0.703	0.474
12	0.745	0.512
12.05	0.778	0.539
12.1	0.7975	0.5515
12.15	0.81	0.561
12.2	0.811	0.557
12.25	0.8	0.538
12.3	0.7745	0.514
12.35	0.7435	0.48
12.4	0.6955	0.437
12.45	0.6435	0.385
12.5	0.5795	0.3255
12.55	0.515	0.263
12.6	0.443	0.195
12.65	0.3725	0.128
12.7	0.3005	0.06
12.75	0.2325	-0.0015
12.8	0.166	-0.0625
12.85	0.108	-0.115
12.9	0.0535	-0.164
12.95	0.01	-0.2035
13	-0.024	-0.2305
13.05	-0.046	-0.2515
13.1	-0.058	-0.261
13.15	-0.0585	-0.256
13.2	-0.05	-0.2445
13.25	-0.027	-0.2195
13.3	0.0035	-0.189
13.35	0.048	-0.1455
13.4	0.0985	-0.095
13.45	0.156	-0.0385
13.5	0.22	0.024
13.55	0.288	0.086
13.6	0.3605	0.1515
13.65	0.437	0.2225
13.7	0.5045	0.289
13.75	0.57	0.3515
13.8	0.63	0.4055
13.85	0.686	0.457
13.9	0.7305	0.4975
13.95	0.7685	0.531
14	0.792	0.5485
14.05	0.807	0.5605
14.1	0.81	0.5585
14.15	0.8045	0.5475
14.2	0.7825	0.525
14.25	0.752	0.495
14.3	0.7095	0.4545
14.35	0.66	0.4075
14.4	0.599	0.3475
14.45	0.5345	0.287
14.5	0.465	0.22
14.55	0.3945	0.155
14.6	0.3245	0.086
14.65	0.255	0.0225
14.7	0.1825	-0.042
14.75	0.1255	-0.096
14.8	0.071	-0.146
14.85	0.027	-0.188
14.9	-0.0115	-0.2235
14.95	-0.0395	-0.248
15	-0.057	-0.2615
15.05	-0.0585	-0.2635
15.1	-0.0535	-0.2525
15.15	-0.0345	-0.2315
15.2	-0.005	-0.201
15.25	0.0355	-0.1645
15.3	0.0835	-0.118
15.35	0.1425	-0.0605
15.4	0.204	-0.0015
15.45	0.275	0.068
15.5	0.3435	0.134
15.55	0.411	0.2025
15.6	0.479	0.2645
15.65	0.548	0.3295
15.7	0.61	0.384
15.75	0.669	0.438
15.8	0.7165	0.483
15.85	0.7555	0.521
15.9	0.7835	0.544
15.95	0.802	0.559
16	0.806	0.558
16.05	0.805	0.5545
16.1	0.787	0.535
16.15	0.7565	0.509
16.2	0.7175	0.469
16.25	0.671	0.423
16.3	0.615	0.3705
16.35	0.5535	0.3105
16.4	0.4825	0.241
16.45	0.414	0.1765
16.5	0.342	0.108
16.55	0.274	0.0445
16.6	0.206	-0.019
16.65	0.145	-0.079
16.7	0.089	-0.131
16.75	0.043	-0.175
16.8	0.0005	-0.2135
16.85	-0.0285	-0.239
16.9	-0.0495	-0.261
16.95	-0.0555	-0.2635
17	-0.0535	-0.259
17.05	-0.0365	-0.2405
17.1	-0.013	-0.215
17.15	0.0245	-0.1755
17.2	0.069	-0.133
17.25	0.123	-0.0815
17.3	0.1825	-0.025
17.35	0.2525	0.041
17.4	0.321	0.108
17.45	0.392	0.175
17.5	0.4595	0.2425
17.55	0.5285	0.307
17.6	0.591	0.369
17.65	0.651	0.4245
17.7	0.7015	0.469
17.75	0.7455	0.5075
17.8	0.7745	0.535
17.85	0.7965	0.558
17.9	0.8055	0.565
17.95	0.804	0.559
18	0.7905	0.5425
18.05	0.7665	0.521
18.1	0.7275	0.4845
18.15	0.685	0.443
18.2	0.6295	0.39
18.25	0.5715	0.332
18.3	0.5035	0.2685
18.35	0.4345	0.204
18.4	0.364	0.1335
18.45	0.294	0.0675
18.5	0.2255	0.0025
18.55	0.1615	-0.0575
18.6	0.103	-0.1125
18.65	0.055	-0.1615
18.7	0.0135	-0.2035
18.75	-0.0175	-0.233
18.8	-0.04	-0.2555
18.85	-0.052	-0.265
18.9	-0.0535	-0.2635
18.95	-0.039	-0.248
19	-0.0145	-0.2295
19.05	0.018	-0.196
19.1	0.06	-0.151
19.15	0.11	-0.1015
19.2	0.1665	-0.047
19.25	0.2315	0.0155
19.3	0.3005	0.083
19.35	0.368	0.1505
19.4	0.437	0.215
19.45	0.506	0.287
19.5	0.5715	0.347
19.55	0.6315	0.407
19.6	0.6825	0.4555
19.65	0.7295	0.4965
19.7	0.763	0.5295
19.75	0.787	0.552
19.8	0.7995	0.5615
19.85	0.8	0.566
19.9	0.79	0.555
19.95	0.77	0.535
20	0.7365	0.503
20.05	0.6955	0.462
20.1	0.646	0.4125
20.15	0.588	0.353
20.2	0.5235	0.291
20.25	0.4565	0.227
20.3	0.3865	0.1595
20.35	0.3175	0.094
20.4	0.2495	0.0245
20.45	0.185	-0.036
20.5	0.122	-0.098
20.55	0.071	-0.1465
20.6	0.0255	-0.192
20.65	-0.0105	-0.2225
20.7	-0.0335	-0.248
20.75	-0.046	-0.26
20.8	-0.05	-0.267
20.85	-0.0415	-0.259
20.9	-0.026	-0.241
20.95	0.0075	-0.211
21	0.046	-0.1735
21.05	0.093	-0.121
21.1	0.1475	-0.0655
21.15	0.2095	-0.0045
21.2	0.276	0.0605
21.25	0.3475	0.131
21.3	0.415	0.1955
21.35	0.483	0.264
21.4	0.549	0.327
21.45	0.6095	0.387
21.5	0.662	0.4385
21.55	0.7095	0.4875
21.6	0.747	0.5225
21.65	0.7795	0.55
21.7	0.7915	0.562
21.75	0.797	0.5675
21.8	0.7905	0.56
21.85	0.7735	0.544
21.9	0.7435	0.514
21.95	0.7065	0.477
22	0.657	0.429
22.05	0.605	0.3775
22.1	0.543	0.317
22.15	0.4785	0.253
22.2	0.409	0.1845
22.25	0.341	0.117
22.3	0.2695	0.046
22.35	0.204	-0.0185
22.4	0.144	-0.081
22.45	0.0905	-0.134
22.5	0.0405	-0.1785
22.55	0.0015	-0.214
22.6	-0.0265	-0.246
22.65	-0.0425	-0.2605
22.7	-0.0505	-0.271
22.75	-0.044	-0.2645
22.8	-0.0315	-0.2495
22.85	-0.003	-0.2215
22.9	0.03	-0.186
22.95	0.077	-0.1365
23	0.132	-0.087
23.05	0.1925	-0.0265
23.1	0.2565	0.038
23.15	0.324	0.108
23.2	0.393	0.175
23.25	0.4635	0.244
23.3	0.528	0.306
23.35	0.5905	0.368
23.4	0.643	0.4215
23.45	0.695	0.4705
23.5	0.734	0.51
23.55	0.7665	0.543
23.6	0.7845	0.5625
23.65	0.7985	0.5705
23.7	0.795	0.5665
23.75	0.782	0.5525
23.8	0.7555	0.527
23.85	0.7215	0.4955
23.9	0.6735	0.448
23.95	0.6215	0.396
24	0.561	0.334
24.05	0.498	0.275
24.1	0.4285	0.2025
24.15	0.361	0.138
24.2	0.2935	0.069
24.25	0.2285	0.005
24.3	0.1645	-0.059
24.35	0.108	-0.115
24.4	0.057	-0.1675
24.45	0.0175	-0.2065
24.5	-0.0145	-0.2405
24.55	-0.036	-0.2575
24.6	-0.0475	-0.2685
24.65	-0.042	-0.266
24.7	-0.0305	-0.253
24.75	-0.0075	-0.229
24.8	0.023	-0.198
24.85	0.0675	-0.152
24.9	0.114	-0.103
24.95	0.1725	-0.0445
25	0.2325	0.0175
25.05	0.302	0.084
25.1	0.371	0.1515
25.15	0.443	0.223
25.2	0.507	0.286
25.25	0.57	0.3525
25.3	0.625	0.409
25.35	0.677	0.462
25.4	0.7185	0.5045
25.45	0.754	0.5395
25.5	0.7745	0.56
25.55	0.791	0.5735
25.6	0.79	0.5715
25.65	0.7815	0.5635
25.7	0.7605	0.542
25.75	0.731	0.512
25.8	0.686	0.4665
25.85	0.638	0.418
25.9	0.581	0.357
25.95	0.5215	0.296
26	0.4555	0.226
26.05	0.3885	0.159
26.1	0.3185	0.086
26.15	0.254	0.0215
26.2	0.1885	-0.0435
26.25	0.131	-0.103
26.3	0.0775	-0.1575
26.35	0.035	-0.199
26.4	-0.0015	-0.2335
26.45	-0.0245	-0.2555
26.5	-0.0415	-0.2685
26.55	-0.043	-0.2665
26.6	-0.037	-0.261
26.65	-0.017	-0.2425
26.7	0.011	-0.215
26.75	0.052	-0.1715
26.8	0.0965	-0.1235
26.85	0.1535	-0.0665
26.9	0.2095	-0.0045
26.95	0.276	0.0635
27	0.343	0.128
27.05	0.4145	0.199
27.1	0.479	0.2655
27.15	0.546	0.3315
27.2	0.603	0.3905
27.25	0.6555	0.447
27.3	0.7015	0.496
27.35	0.741	0.5315
27.4	0.768	0.553
27.45	0.7865	0.57
27.5	0.7915	0.57
27.55	0.786	0.567
27.6	0.767	0.548
27.65	0.7385	0.521
27.7	0.6985	0.4815
27.75	0.6555	0.4345
27.8	0.602	0.3775
27.85	0.543	0.3155
27.9	0.4765	0.2485
27.95	0.41	0.181
28	0.344	0.107
28.05	0.2795	0.0395
28.1	0.2135	-0.025
28.15	0.1575	-0.084
28.2	0.1	-0.1395
28.25	0.0525	-0.1835
28.3	0.012	-0.2245
28.35	-0.0155	-0.2505
28.4	-0.0335	-0.269
28.45	-0.039	-0.2765
28.5	-0.035	-0.27
28.55	-0.019	-0.251
28.6	0.0045	-0.224
28.65	0.0385	-0.1885
28.7	0.0795	-0.1415
28.75	0.1325	-0.0835
28.8	0.1875	-0.0245
28.85	0.2525	0.042
28.9	0.3175	0.109
28.95	0.386	0.181
29	0.45	0.2495
29.05	0.519	0.3185
29.1	0.581	0.3765
29.15	0.6385	0.4345
29.2	0.6845	0.48
29.25	0.7265	0.5225
29.3	0.753	0.55
29.35	0.776	0.5685
29.4	0.7835	0.576
29.45	0.783	0.5745
29.5	0.7705	0.5555
29.55	0.7485	0.53
29.6	0.713	0.4925
29.65	0.6725	0.449
29.7	0.62	0.3925
29.75	0.5645	0.334
29.8	0.5015	0.2695
29.85	0.4365	0.203
29.9	0.371	0.1305
29.95	0.3055	0.0625
30	0.2385	-0.0055
30.05	0.178	-0.066
30.1	0.1195	-0.1245
30.15	0.07	-0.1725
30.2	0.0275	-0.215
30.25	-0.002	-0.243
30.3	-0.0255	-0.264
30.35	-0.034	-0.273
30.4	-0.0355	-0.273
30.45	-0.023	-0.2595
30.5	-0.0045	-0.2335
30.55	0.028	-0.1955
30.6	0.0655	-0.154
30.65	0.1155	-0.1005
30.7	0.1685	-0.0445
30.75	0.232	0.0225
30.8	0.2955	0.0885
30.85	0.3645	0.16
30.9	0.433	0.2265
30.95	0.499	0.297
31	0.562	0.36
31.05	0.6205	0.42
31.1	0.668	0.47
31.15	0.713	0.5115
31.2	0.7475	0.542
31.25	0.77	0.5645
31.3	0.781	0.574
31.35	0.7845	0.574
31.4	0.774	0.563
31.45	0.758	0.5395
31.5	0.7275	0.5015
31.55	0.6895	0.4625
31.6	0.6385	0.411
31.65	0.5835	0.3515
31.7	0.524	0.288
31.75	0.461	0.222
31.8	0.392	0.149
31.85	0.3255	0.083
31.9	0.259	0.012
31.95	0.1975	-0.0495
32	0.138	-0.1105
32.05	0.0865	-0.161
32.1	0.0415	-0.205
32.15	0.008	-0.2365
32.2	-0.0175	-0.26
32.25	-0.0315	-0.27
32.3	-0.0365	-0.272
32.35	-0.03	-0.2635
32.4	-0.0135	-0.2465
32.45	0.017	-0.2105
32.5	0.0535	-0.173
32.55	0.101	-0.119
32.6	0.153	-0.0625
32.65	0.2095	0.002
32.7	0.2715	0.07
32.75	0.337	0.1415
32.8	0.404	0.21
32.85	0.4745	0.279
32.9	0.535	0.342
32.95	0.595	0.401
33	0.647	0.4555
33.05	0.6945	0.499
33.1	0.731	0.5355
33.15	0.7605	0.5615
33.2	0.778	0.5725
33.25	0.785	0.575
33.3	0.7785	0.5655
33.35	0.7645	0.5485
33.4	0.736	0.52
33.45	0.699	0.481
33.5	0.652	0.4285
33.55	0.602	0.371
33.6	0.545	0.3085
33.65	0.4825	0.24
33.7	0.4155	0.17
33.75	0.3495	0.104
33.8	0.283	0.0345
33.85	0.221	-0.031
33.9	0.161	-0.092
33.95	0.1095	-0.148
34	0.0605	-0.1925
34.05	0.0235	-0.229
34.1	-0.0065	-0.257
34.15	-0.0255	-0.272
34.2	-0.0345	-0.277
34.25	-0.0315	-0.267
34.3	-0.0195	-0.2495
34.35	0.0035	-0.2215
34.4	0.0355	-0.1835
34.45	0.08	-0.135
34.5	0.1325	-0.08
34.55	0.1905	-0.0175
34.6	0.25	0.048
34.65	0.316	0.1175
34.7	0.381	0.187
34.75	0.449	0.26
34.8	0.5125	0.3215
34.85	0.574	0.3825
34.9	0.6295	0.438
34.95	0.679	0.486
35	0.7175	0.5275
35.05	0.7485	0.5555
35.1	0.7715	0.5715
35.15	0.783	0.5755
35.2	0.7795	0.571
35.25	0.7725	0.5535
35.3	0.7475	0.5265
35.35	0.7165	0.49
35.4	0.672	0.4415
35.45	0.6225	0.385
35.5	0.5665	0.3215
35.55	0.5055	0.2595
35.6	0.4405	0.191
35.65	0.3735	0.1185
35.7	0.3065	0.051
35.75	0.2405	-0.013
35.8	0.1805	-0.073
35.85	0.126	-0.1275
35.9	0.0745	-0.1785
35.95	0.034	-0.2175
36	0.0005	-0.247
36.05	-0.0225	-0.266
36.1	-0.0345	-0.273
36.15	-0.0365	-0.2695
36.2	-0.0265	-0.256
36.25	-0.006	-0.23
36.3	0.022	-0.1925
36.35	0.06	-0.148
36.4	0.106	-0.094
36.45	0.162	-0.032
36.5	0.221	0.0305
36.55	0.2875	0.098
36.6	0.3525	0.169
36.65	0.417	0.24
36.7	0.486	0.306
36.75	0.55	0.369
36.8	0.608	0.425
36.85	0.659	0.4715
36.9	0.7035	0.5115
36.95	0.7375	0.543
37	0.7615	0.561
37.05	0.777	0.5725
37.1	0.782	0.5705
37.15	0.7755	0.5575
37.2	0.76	0.5365
37.25	0.732	0.5015
37.3	0.692	0.457
37.35	0.643	0.406
37.4	0.59	0.345
37.45	0.5305	0.2815
37.5	0.467	0.2125
37.55	0.4	0.1445
37.6	0.3335	0.075
37.65	0.269	0.009
37.7	0.205	-0.056
37.75	0.145	-0.111
37.8	0.094	-0.16
37.85	0.049	-0.201
37.9	0.013	-0.2325
37.95	-0.016	-0.2585
38	-0.031	-0.2695
38.05	-0.0355	-0.27
38.1	-0.0285	-0.2595
38.15	-0.0125	-0.2355
38.2	0.011	-0.202
38.25	0.045	-0.1615
38.3	0.09	-0.112
38.35	0.141	-0.0535
38.4	0.201	0.0115
38.45	0.2655	0.079
38.5	0.3355	0.146
38.55	0.398	0.2165
38.6	0.4655	0.283
38.65	0.532	0.345
38.7	0.592	0.404
38.75	0.643	0.4565
38.8	0.689	0.5
38.85	0.7275	0.5315
38.9	0.7575	0.5545
38.95	0.7755	0.5675
39	0.786	0.571
39.05	0.782	0.559
39.1	0.7685	0.539
39.15	0.742	0.5075
39.2	0.7085	0.4665
39.25	0.664	0.415
39.3	0.6145	0.3585
39.35	0.554	0.298
39.4	0.492	0.231
39.45	0.4275	0.164
39.5	0.361	0.096
39.55	0.292	0.0285
39.6	0.227	-0.032
39.65	0.164	-0.0935
39.7	0.1125	-0.148
39.75	0.064	-0.1935
39.8	0.026	-0.227
39.85	-0.005	-0.252
39.9	-0.0265	-0.264
39.95	-0.039	-0.2675
40	-0.0325	-0.257
40.05	-0.0225	-0.24
40.1	0.0015	-0.21
40.15	0.0305	-0.171
40.2	0.076	-0.121
40.25	0.1245	-0.067
40.3	0.182	-0.006
40.35	0.2405	0.059
40.4	0.31	0.126
40.45	0.3785	0.1945
40.5	0.446	0.2605
40.55	0.5075	0.326
40.6	0.571	0.3885
40.65	0.6265	0.4415
40.7	0.6775	0.4875
40.75	0.7165	0.5215
40.8	0.7475	0.549
40.85	0.77	0.5625
40.9	0.7835	0.5665
40.95	0.7825	0.5605
41	0.773	0.5455
41.05	0.751	0.517
41.1	0.7195	0.4795
41.15	0.678	0.431
41.2	0.631	0.376
41.25	0.5735	0.316
41.3	0.5125	0.2545
41.35	0.4455	0.184
41.4	0.38	0.119
41.45	0.3105	0.0485
41.5	0.244	-0.0155
41.55	0.182	-0.0755
41.6	0.1265	-0.128
41.65	0.0755	-0.177
41.7	0.0365	-0.2105
41.75	-0.0005	-0.242
41.8	-0.022	-0.26
41.85	-0.036	-0.2685
41.9	-0.038	-0.2625
41.95	-0.03	-0.2495
42	-0.012	-0.221
42.05	0.0165	-0.188
42.1	0.057	-0.1385
42.15	0.101	-0.0885
42.2	0.1565	-0.029
42.25	0.218	0.0335
42.3	0.2835	0.104
42.35	0.351	0.174
42.4	0.4175	0.2405
42.45	0.485	0.3045
42.5	0.5485	0.3665
42.55	0.608	0.4215
42.6	0.662	0.4675
42.65	0.7045	0.505
42.7	0.742	0.5385
42.75	0.766	0.5575
42.8	0.782	0.5705
42.85	0.7875	0.5625
42.9	0.7825	0.545
42.95	0.763	0.5195
43	0.736	0.486
43.05	0.6965	0.4445
43.1	0.652	0.396
43.15	0.5955	0.3365
43.2	0.54	0.2725
43.25	0.474	0.204
43.3	0.407	0.139
43.35	0.338	0.07
43.4	0.2725	0.004
43.45	0.2075	-0.059
43.5	0.149	-0.1125
43.55	0.0925	-0.1645
43.6	0.0465	-0.202
43.65	0.0085	-0.232
43.7	-0.0195	-0.252
43.75	-0.037	-0.2635
43.8	-0.04	-0.259
43.85	-0.0385	-0.2485
43.9	-0.0235	-0.224
43.95	0.0025	-0.1925
44	0.0405	-0.15
44.05	0.0825	-0.1025
44.1	0.138	-0.042
44.15	0.196	0.019
44.2	0.2605	0.0835
44.25	0.325	0.149
44.3	0.3945	0.217
44.35	0.4615	0.2835
44.4	0.5275	0.347
44.45	0.588	0.4025
44.5	0.6455	0.453
44.55	0.693	0.4925
44.6	0.7345	0.5275
44.65	0.7615	0.552
44.7	0.783	0.5615
44.75	0.793	0.562
44.8	0.7895	0.55
44.85	0.7725	0.5295
44.9	0.749	0.498
44.95	0.7155	0.4555
45	0.6715	0.4095
45.05	0.619	0.354
45.1	0.56	0.293
45.15	0.495	0.225
45.2	0.4305	0.158
45.25	0.3615	0.091
45.3	0.2955	0.026
45.35	0.228	-0.038
45.4	0.168	-0.0915
45.45	0.1105	-0.1455
45.5	0.0615	-0.1885
45.55	0.0215	-0.222
45.6	-0.0095	-0.2405
45.65	-0.0325	-0.257
45.7	-0.0405	-0.2595
45.75	-0.0405	-0.2515
45.8	-0.0295	-0.2295
45.85	-0.0105	-0.2
45.9	0.0255	-0.159
45.95	0.0645	-0.1135
46	0.115	-0.061
46.05	0.174	-0.002
46.1	0.238	0.063
46.15	0.3035	0.13
46.2	0.371	0.1995
46.25	0.4415	0.2635
46.3	0.5105	0.326
46.35	0.5735	0.3825
46.4	0.631	0.436
46.45	0.682	0.4785
46.5	0.7255	0.5145
46.55	0.754	0.535
46.6	0.7775	0.5515
46.65	0.7895	0.557
46.7	0.7925	0.5545
46.75	0.782	0.534
46.8	0.7625	0.5095
46.85	0.7285	0.471
46.9	0.686	0.427
46.95	0.635	0.37
47	0.5765	0.311
47.05	0.515	0.2465
47.1	0.451	0.1815
47.15	0.3835	0.113
47.2	0.3165	0.0515
47.25	0.248	-0.0135
47.3	0.1845	-0.069
47.35	0.1255	-0.126
47.4	0.0755	-0.1685
47.45	0.0295	-0.2055
47.5	-0.003	-0.2315
47.55	-0.0275	-0.25
47.6	-0.041	-0.255
47.65	-0.0455	-0.2535
47.7	-0.033	-0.2365
47.75	-0.014	-0.2115
47.8	0.0135	-0.175
47.85	0.0515	-0.131
47.9	0.1025	-0.079
47.95	0.158	-0.0215
48	0.2195	0.0415
48.05	0.2855	0.1065
48.1	0.3535	0.175
48.15	0.4235	0.2405
48.2	0.4915	0.3035
48.25	0.5525	0.36
48.3	0.6145	0.4145
48.35	0.666	0.4585
48.4	0.714	0.5015
48.45	0.749	0.5285
48.5	0.775	0.551
48.55	0.79	0.56
48.6	0.797	0.559
48.65	0.7895	0.5425
48.7	0.771	0.5205
48.75	0.742	0.4855
48.8	0.7045	0.4435
48.85	0.6555	0.391
48.9	0.6015	0.3315
48.95	0.538	0.2685
49	0.4725	0.2055
49.05	0.4025	0.137
49.1	0.3345	0.073
49.15	0.2665	0.009
49.2	0.2035	-0.05
49.25	0.141	-0.1065
49.3	0.0895	-0.1535
49.35	0.0435	-0.1955
49.4	0.0055	-0.2235
49.45	-0.0215	-0.2485
49.5	-0.0365	-0.255
49.55	-0.0465	-0.2545
49.6	-0.0385	-0.2395
49.65	-0.023	-0.2195
49.7	0.003	-0.1875
49.75	0.04	-0.148
49.8	0.084	-0.096
49.85	0.1355	-0.0415
49.9	0.1975	0.02
49.95	0.26	0.0805
50	0.3305	0.146
50.05	0.398	0.214
50.1	0.4675	0.2795
50.15	0.532	0.3395
50.2	0.595	0.396
50.25	0.649	0.446
50.3	0.6995	0.4855
50.35	0.738	0.5165
50.4	0.7705	0.5375
50.45	0.7895	0.548
50.5	0.8	0.5495
50.55	0.7945	0.5405
50.6	0.78	0.5225
50.65	0.7545	0.492
50.7	0.7185	0.454
50.75	0.671	0.4055
50.8	0.62	0.353
50.85	0.558	0.295
50.9	0.4945	0.229
50.95	0.427	0.1605
51	0.3595	0.0945
51.05	0.2915	0.029
51.1	0.221	-0.03
51.15	0.158	-0.0885
51.2	0.1025	-0.1385
51.25	0.053	-0.1795
51.3	0.012	-0.212
51.35	-0.0195	-0.2345
51.4	-0.039	-0.2455
51.45	-0.0505	-0.2495
51.5	-0.047	-0.239
51.55	-0.034	-0.2235
51.6	-0.0075	-0.194
51.65	0.0265	-0.16
51.7	0.0715	-0.1125
51.75	0.12	-0.0605
51.8	0.1795	-0.0015
51.85	0.243	0.0595
51.9	0.3105	0.128
51.95	0.379	0.192
52	0.447	0.2595
52.05	0.514	0.3175
52.1	0.578	0.3745
52.15	0.6365	0.4255
52.2	0.6875	0.4705
52.25	0.7295	0.504
52.3	0.763	0.531
52.35	0.783	0.5465
52.4	0.7955	0.5535
52.45	0.794	0.5425
52.5	0.784	0.5265
52.55	0.761	0.499
52.6	0.7315	0.4655
52.65	0.6885	0.42
52.7	0.6385	0.3675
52.75	0.5785	0.309
52.8	0.5135	0.2475
52.85	0.446	0.183
52.9	0.3745	0.121
52.95	0.302	0.054
53	0.2375	-0.006
53.05	0.1755	-0.0655
53.1	0.119	-0.1155
53.15	0.0665	-0.162
53.2	0.0265	-0.1945
53.25	-0.008	-0.225
53.3	-0.032	-0.2415
53.35	-0.047	-0.25
53.4	-0.047	-0.2425
53.45	-0.0375	-0.23
53.5	-0.017	-0.205
53.55	0.014	-0.174
53.6	0.0535	-0.129
53.65	0.1035	-0.08
53.7	0.1625	-0.024
53.75	0.2245	0.035
53.8	0.2945	0.1035
53.85	0.3625	0.1675
53.9	0.433	0.2345
53.95	0.499	0.297
54	0.566	0.3545
54.05	0.6235	0.406
54.1	0.6765	0.456
54.15	0.719	0.4925
54.2	0.757	0.522
54.25	0.7815	0.5405
54.3	0.7965	0.551
54.35	0.7985	0.547
54.4	0.7895	0.531
54.45	0.77	0.506
54.5	0.74	0.4785
54.55	0.6995	0.436
54.6	0.6535	0.39
54.65	0.5985	0.3335
54.7	0.5345	0.276
54.75	0.467	0.211
54.8	0.4005	0.144
54.85	0.329	0.079
54.9	0.26	0.0165
54.95	0.195	-0.044
55	0.137	-0.0965
55.05	0.0815	-0.1455
55.1	0.036	-0.1845
55.15	-0.0015	-0.216
55.2	-0.0275	-0.2375
55.25	-0.0445	-0.2465
55.3	-0.045	-0.2465
55.35	-0.041	-0.24
55.4	-0.0185	-0.214
55.45	0.0035	-0.184
55.5	0.0415	-0.143
55.55	0.087	-0.0965
55.6	0.143	-0.0405
55.65	0.203	0.0165
55.7	0.269	0.0805
55.75	0.3365	0.1455
55.8	0.409	0.2115
55.85	0.477	0.2705
55.9	0.5445	0.3305
55.95	0.6045	0.385
56	0.6585	0.4385
56.05	0.705	0.4765
56.1	0.748	0.5125
56.15	0.774	0.5335
56.2	0.794	0.548
56.25	0.796	0.5495
56.3	0.795	0.544
56.35	0.7785	0.5235
56.4	0.752	0.496
56.45	0.7125	0.4535
56.5	0.6675	0.4105
56.55	0.6115	0.353
56.6	0.552	0.2965
56.65	0.484	0.2305
56.7	0.417	0.171
56.75	0.3445	0.1025
56.8	0.2785	0.039
56.85	0.2115	-0.022
56.9	0.15	-0.076
56.95	0.0915	-0.13
57	0.046	-0.1725
57.05	0.0065	-0.206
57.1	-0.021	-0.228
57.15	-0.0395	-0.2435
57.2	-0.048	-0.247
57.25	-0.045	-0.2405
57.3	-0.0305	-0.223
57.35	-0.008	-0.199
57.4	0.029	-0.158
57.45	0.0745	-0.1155
57.5	0.1285	-0.0625
57.55	0.188	-0.0085
57.6	0.2535	0.0545
57.65	0.3195	0.1185
57.7	0.3865	0.185
57.75	0.4525	0.247
57.8	0.5215	0.3145
57.85	0.5835	0.3645
57.9	0.6415	0.4195
57.95	0.689	0.462
58	0.7345	0.5025
58.05	0.764	0.5255
58.1	0.7885	0.544
58.15	0.797	0.548
58.2	0.7975	0.5485
58.25	0.781	0.5305
58.3	0.7585	0.505
58.35	0.7225	0.4685
58.4	0.6795	0.429
58.45	0.627	0.3745
58.5	0.5675	0.319
58.55	0.5025	0.2575
58.6	0.438	0.195
58.65	0.3685	0.128
58.7	0.2995	0.0665
58.75	0.2315	0.0035
58.8	0.17	-0.0535
58.85	0.1115	-0.1095
58.9	0.0635	-0.1525
58.95	0.0205	-0.193
59	-0.0105	-0.2215
59.05	-0.0325	-0.24
59.1	-0.042	-0.249
59.15	-0.045	-0.2485
59.2	-0.034	-0.2295
59.25	-0.0125	-0.2075
59.3	0.019	-0.172
59.35	0.06	-0.135
59.4	0.113	-0.081
59.45	0.1715	-0.025
59.5	0.234	0.034
59.55	0.299	0.0935
59.6	0.368	0.161
59.65	0.435	0.2245
59.7	0.505	0.291
59.75	0.565	0.3475
59.8	0.625	0.4035
59.85	0.6755	0.447
59.9	0.7225	0.4855
59.95	0.7535	0.5155
60	0.7795	0.5405
60.05	0.7915	0.5485
60.1	0.795	0.551
60.15	0.783	0.537
60.2	0.764	0.5145
60.25	0.732	0.4805
60.3	0.694	0.444
60.35	0.6425	0.3945
60.4	0.587	0.3435
60.45	0.5215	0.2785
60.5	0.456	0.214
60.55	0.3875	0.149
60.6	0.321	0.087
60.65	0.253	0.022
60.7	0.1935	-0.034
60.75	0.131	-0.091
60.8	0.081	-0.1365
60.85	0.0345	-0.1795
60.9	-0.0005	-0.207
60.95	-0.0275	-0.2345
61	-0.0385	-0.246
61.05	-0.0425	-0.2495
61.1	-0.0325	-0.2395
61.15	-0.017	-0.22
61.2	0.0125	-0.1885
61.25	0.0525	-0.1515
61.3	0.102	-0.1035
61.35	0.1535	-0.0525
61.4	0.2125	0.008
61.45	0.275	0.0705
61.5	0.3475	0.1385
61.55	0.4165	0.2005
61.6	0.486	0.2655
61.65	0.5475	0.3235
61.7	0.6085	0.3795
61.75	0.661	0.429
61.8	0.709	0.477
61.85	0.7455	0.5075
61.9	0.7715	0.5325
61.95	0.7855	0.544
62	0.7925	0.55
62.05	0.7845	0.54
62.1	0.769	0.527
