MIN=0	-1	-1
MAX=113.137084989848	1	1
SCALE=113.137084989848	0.5	0.5
DEC=2	3	3
DEF="Zeit" t / s	"Spannung" U_A1 / V	"Spannung" U_B1 / V
0	0.054	-0.001
0.05	0.122	0.0785
0.1	0.192	0.153
0.15	0.265	0.235
0.2	0.341	0.315
0.25	0.414	0.397
0.3	0.482	0.4715
0.35	0.5465	0.54
0.4	0.606	0.5945
0.45	0.661	0.6455
0.5	0.7	0.6795
0.55	0.732	0.708
0.6	0.7495	0.7175
0.65	0.7595	0.718
0.7	0.752	0.7025
0.75	0.733	0.6745
0.8	0.703	0.6345
0.85	0.665	0.587
0.9	0.612	0.5255
0.95	0.5545	0.4595
1	0.486	0.385
1.05	0.415	0.3085
1.1	0.3385	0.2245
1.15	0.266	0.144
1.2	0.189	0.066
1.25	0.12	-0.0045
1.3	0.0515	-0.075
1.35	-0.0065	-0.13
1.4	-0.0625	-0.1795
1.45	-0.1025	-0.22
1.5	-0.1375	-0.2455
1.55	-0.1575	-0.26
1.6	-0.1675	-0.263
1.65	-0.164	-0.2475
1.7	-0.148	-0.2215
1.75	-0.12	-0.181
1.8	-0.0855	-0.1335
1.85	-0.038	-0.0745
1.9	0.019	-0.01
1.95	0.0845	0.066
2	0.1525	0.1405
2.05	0.231	0.222
2.1	0.3095	0.3025
2.15	0.3865	0.384
2.2	0.4585	0.4555
2.25	0.529	0.5215
2.3	0.5915	0.5775
2.35	0.647	0.626
2.4	0.689	0.6645
2.45	0.725	0.69
2.5	0.75	0.7045
2.55	0.761	0.7075
2.6	0.7615	0.698
2.65	0.7475	0.6765
2.7	0.72	0.6395
2.75	0.6845	0.5925
2.8	0.639	0.536
2.85	0.58	0.4695
2.9	0.5165	0.4
2.95	0.444	0.323
3	0.3705	0.2435
3.05	0.2945	0.1655
3.1	0.2185	0.0895
3.15	0.1455	0.0145
3.2	0.078	-0.0515
3.25	0.0115	-0.1125
3.3	-0.042	-0.161
3.35	-0.094	-0.1995
3.4	-0.135	-0.2305
3.45	-0.1595	-0.247
3.5	-0.173	-0.2455
3.55	-0.175	-0.236
3.6	-0.1665	-0.2155
3.65	-0.143	-0.182
3.7	-0.109	-0.1375
3.75	-0.066	-0.0825
3.8	-0.0075	-0.021
3.85	0.0535	0.047
3.9	0.1255	0.1235
3.95	0.2005	0.2
4	0.28	0.2795
4.05	0.3565	0.354
4.1	0.4355	0.4235
4.15	0.509	0.4875
4.2	0.5765	0.5505
4.25	0.636	0.603
4.3	0.6875	0.6425
4.35	0.727	0.6715
4.4	0.7545	0.693
4.45	0.77	0.6955
4.5	0.775	0.6905
4.55	0.766	0.668
4.6	0.7435	0.641
4.65	0.707	0.5965
4.7	0.664	0.5465
4.75	0.6075	0.485
4.8	0.5455	0.4175
4.85	0.4745	0.343
4.9	0.402	0.2715
4.95	0.324	0.1935
5	0.2465	0.1185
5.05	0.169	0.044
5.1	0.0955	-0.0235
5.15	0.028	-0.0845
5.2	-0.0335	-0.135
5.25	-0.088	-0.177
5.3	-0.1295	-0.207
5.35	-0.1595	-0.228
5.4	-0.175	-0.2345
5.45	-0.1805	-0.231
5.5	-0.176	-0.209
5.55	-0.1585	-0.1845
5.6	-0.124	-0.14
5.65	-0.0835	-0.0945
5.7	-0.028	-0.0315
5.75	0.0325	0.0265
5.8	0.1015	0.0985
5.85	0.1765	0.171
5.9	0.2575	0.253
5.95	0.3365	0.3255
6	0.417	0.3965
6.05	0.4925	0.463
6.1	0.5625	0.5255
6.15	0.6265	0.5775
6.2	0.6845	0.622
6.25	0.7285	0.6545
6.3	0.764	0.6795
6.35	0.783	0.688
6.4	0.791	0.686
6.45	0.783	0.67
6.5	0.7635	0.6455
6.55	0.73	0.605
6.6	0.6875	0.562
6.65	0.634	0.4995
6.7	0.572	0.439
6.75	0.498	0.368
6.8	0.423	0.2965
6.85	0.341	0.222
6.9	0.2605	0.147
6.95	0.1815	0.0735
7	0.1075	0.0075
7.05	0.034	-0.053
7.1	-0.028	-0.1045
7.15	-0.084	-0.154
7.2	-0.13	-0.19
7.25	-0.163	-0.214
7.3	-0.183	-0.223
7.35	-0.193	-0.224
7.4	-0.185	-0.2115
7.45	-0.171	-0.188
7.5	-0.139	-0.157
7.55	-0.098	-0.112
7.6	-0.044	-0.0555
7.65	0.0185	0.0015
7.7	0.0885	0.0715
7.75	0.1645	0.1425
7.8	0.2435	0.2155
7.85	0.324	0.2875
7.9	0.406	0.3645
7.95	0.479	0.43
8	0.555	0.496
8.05	0.62	0.55
8.1	0.677	0.5985
8.15	0.722	0.6365
8.2	0.759	0.6645
8.25	0.78	0.678
8.3	0.789	0.6805
8.35	0.785	0.668
8.4	0.7705	0.6505
8.45	0.739	0.6175
8.5	0.6975	0.578
8.55	0.6415	0.5235
8.6	0.58	0.4635
8.65	0.5115	0.3965
8.7	0.4365	0.327
8.75	0.354	0.256
8.8	0.2715	0.183
8.85	0.1915	0.107
8.9	0.1165	0.039
8.95	0.044	-0.0255
9	-0.0205	-0.0795
9.05	-0.076	-0.1305
9.1	-0.124	-0.17
9.15	-0.1595	-0.202
9.2	-0.1845	-0.218
9.25	-0.195	-0.2265
9.3	-0.1915	-0.2195
9.35	-0.1785	-0.2035
9.4	-0.1485	-0.171
9.45	-0.1085	-0.1325
9.5	-0.0565	-0.086
9.55	0.001	-0.025
9.6	0.0715	0.0375
9.65	0.144	0.106
9.7	0.2225	0.1795
9.75	0.3025	0.255
9.8	0.3865	0.331
9.85	0.4635	0.398
9.9	0.5375	0.4635
9.95	0.6075	0.5225
10	0.667	0.5755
10.05	0.7155	0.616
10.1	0.751	0.6495
10.15	0.775	0.672
10.2	0.7835	0.681
10.25	0.785	0.68
10.3	0.7715	0.664
10.35	0.7445	0.636
10.4	0.7025	0.5975
10.45	0.653	0.551
10.5	0.5915	0.495
10.55	0.5245	0.4325
10.6	0.448	0.3615
10.65	0.3715	0.292
10.7	0.29	0.219
10.75	0.212	0.1445
10.8	0.1315	0.068
10.85	0.0605	0.001
10.9	-0.0055	-0.06
10.95	-0.0625	-0.1125
11	-0.113	-0.1595
11.05	-0.1485	-0.196
11.1	-0.176	-0.221
11.15	-0.1865	-0.2305
11.2	-0.1885	-0.233
11.25	-0.1725	-0.2195
11.3	-0.1495	-0.195
11.35	-0.1125	-0.158
11.4	-0.063	-0.111
11.45	-0.0025	-0.0575
11.5	0.0635	0.0045
11.55	0.134	0.0745
11.6	0.209	0.1455
11.65	0.288	0.2225
11.7	0.3665	0.2975
11.75	0.4485	0.371
11.8	0.5215	0.4375
11.85	0.588	0.4995
11.9	0.6455	0.555
11.95	0.697	0.605
12	0.734	0.645
12.05	0.7615	0.6725
12.1	0.7755	0.6825
12.15	0.7775	0.6875
12.2	0.766	0.678
12.25	0.742	0.6575
12.3	0.705	0.621
12.35	0.6605	0.5785
12.4	0.6025	0.524
12.45	0.5355	0.463
12.5	0.4605	0.395
12.55	0.386	0.3245
12.6	0.3055	0.2465
12.65	0.228	0.1715
12.7	0.15	0.0945
12.75	0.082	0.0255
12.8	0.017	-0.0435
12.85	-0.0385	-0.1
12.9	-0.0895	-0.1515
12.95	-0.129	-0.1885
13	-0.158	-0.2205
13.05	-0.1735	-0.2375
13.1	-0.177	-0.248
13.15	-0.166	-0.2365
13.2	-0.1455	-0.2185
13.25	-0.1115	-0.182
13.3	-0.07	-0.1405
13.35	-0.014	-0.088
13.4	0.047	-0.0285
13.45	0.118	0.0435
13.5	0.191	0.116
13.55	0.2705	0.1955
13.6	0.344	0.272
13.65	0.4235	0.351
13.7	0.492	0.421
13.75	0.563	0.492
13.8	0.6225	0.5495
13.85	0.676	0.604
13.9	0.714	0.644
13.95	0.743	0.6795
14	0.758	0.6955
14.05	0.7655	0.7035
14.1	0.7565	0.6965
14.15	0.7375	0.6815
14.2	0.7025	0.6475
14.25	0.6615	0.607
14.3	0.612	0.5515
14.35	0.554	0.493
14.4	0.483	0.419
14.45	0.41	0.348
14.5	0.332	0.2685
14.55	0.257	0.1935
14.6	0.179	0.113
14.65	0.1105	0.04
14.7	0.0435	-0.0335
14.75	-0.014	-0.0905
14.8	-0.0675	-0.1495
14.85	-0.106	-0.19
14.9	-0.1385	-0.2235
14.95	-0.1555	-0.2415
15	-0.166	-0.255
15.05	-0.1575	-0.2455
15.1	-0.143	-0.231
15.15	-0.113	-0.2
15.2	-0.0785	-0.1605
15.25	-0.027	-0.106
15.3	0.0285	-0.049
15.35	0.095	0.0235
15.4	0.1665	0.0935
15.45	0.2425	0.174
15.5	0.3165	0.2505
15.55	0.3915	0.332
15.6	0.4645	0.4045
15.65	0.5335	0.4785
15.7	0.593	0.541
15.75	0.6465	0.598
15.8	0.6905	0.6425
15.85	0.725	0.677
15.9	0.746	0.696
15.95	0.7575	0.707
16	0.753	0.705
16.05	0.739	0.692
16.1	0.7115	0.6615
16.15	0.6735	0.625
16.2	0.625	0.5705
16.25	0.57	0.512
16.3	0.5055	0.441
16.35	0.4345	0.3685
16.4	0.361	0.286
16.45	0.289	0.2095
16.5	0.2145	0.1285
16.55	0.1455	0.0545
16.6	0.0775	-0.0195
16.65	0.0145	-0.083
16.7	-0.0385	-0.1425
16.75	-0.0825	-0.189
16.8	-0.118	-0.2215
16.85	-0.1425	-0.244
16.9	-0.1535	-0.256
16.95	-0.1535	-0.2505
17	-0.1425	-0.237
17.05	-0.12	-0.209
17.1	-0.0875	-0.1705
17.15	-0.0425	-0.121
17.2	0.012	-0.0605
17.25	0.0725	0.0075
17.3	0.139	0.0775
17.35	0.2105	0.1565
17.4	0.2835	0.2355
17.45	0.359	0.314
17.5	0.43	0.3915
17.55	0.4975	0.465
17.6	0.5585	0.5295
17.65	0.614	0.587
17.7	0.663	0.6345
17.75	0.701	0.675
17.8	0.731	0.701
17.85	0.7465	0.7105
17.9	0.7515	0.711
17.95	0.7425	0.699
18	0.723	0.671
18.05	0.689	0.6325
18.1	0.6455	0.582
18.15	0.595	0.523
18.2	0.5335	0.455
18.25	0.467	0.381
18.3	0.395	0.3025
18.35	0.32	0.2235
18.4	0.2465	0.1445
18.45	0.1735	0.0655
18.5	0.1095	-0.0045
18.55	0.0425	-0.07
18.6	-0.013	-0.1305
18.65	-0.0615	-0.181
18.7	-0.0995	-0.218
18.75	-0.133	-0.2425
18.8	-0.149	-0.2555
18.85	-0.1565	-0.2565
18.9	-0.1495	-0.242
18.95	-0.1345	-0.2175
19	-0.104	-0.177
19.05	-0.0665	-0.1305
19.1	-0.0165	-0.073
19.15	0.04	-0.009
19.2	0.105	0.066
19.25	0.1735	0.143
19.3	0.2465	0.225
19.35	0.3195	0.3
19.4	0.3955	0.3775
19.45	0.4655	0.4525
19.5	0.5325	0.5225
19.55	0.5945	0.5775
19.6	0.649	0.629
19.65	0.6905	0.6655
19.7	0.7245	0.695
19.75	0.746	0.7075
19.8	0.755	0.7095
19.85	0.751	0.696
19.9	0.7365	0.6725
19.95	0.705	0.6355
20	0.667	0.5905
20.05	0.618	0.5305
20.1	0.564	0.4685
20.15	0.499	0.394
20.2	0.4315	0.317
20.25	0.3575	0.2405
20.3	0.2835	0.1585
20.35	0.207	0.0805
20.4	0.1365	0.0075
20.45	0.0665	-0.0605
20.5	0.005	-0.1185
20.55	-0.048	-0.1655
20.6	-0.093	-0.2035
20.65	-0.1275	-0.2345
20.7	-0.1485	-0.2485
20.75	-0.164	-0.2555
20.8	-0.1605	-0.2415
20.85	-0.1505	-0.2185
20.9	-0.123	-0.182
20.95	-0.0915	-0.139
21	-0.0445	-0.081
21.05	0.01	-0.016
21.1	0.075	0.058
21.15	0.141	0.131
21.2	0.2145	0.209
21.25	0.291	0.2815
21.3	0.3685	0.3595
21.35	0.4405	0.43
21.4	0.512	0.5
21.45	0.5745	0.5565
21.5	0.6345	0.608
21.55	0.68	0.6465
21.6	0.7205	0.678
21.65	0.746	0.6945
21.7	0.7615	0.6995
21.75	0.7625	0.689
21.8	0.7535	0.6715
21.85	0.7295	0.635
21.9	0.6965	0.5935
21.95	0.6485	0.5355
22	0.5945	0.473
22.05	0.5285	0.4035
22.1	0.4605	0.3315
22.15	0.3865	0.2565
22.2	0.31	0.18
22.25	0.235	0.1025
22.3	0.1625	0.032
22.35	0.0905	-0.034
22.4	0.0245	-0.0915
22.45	-0.0365	-0.1475
22.5	-0.083	-0.1875
22.55	-0.1255	-0.2175
22.6	-0.1545	-0.2335
22.65	-0.171	-0.239
22.7	-0.1735	-0.229
22.75	-0.167	-0.211
22.8	-0.1445	-0.1795
22.85	-0.112	-0.141
22.9	-0.0665	-0.087
22.95	-0.016	-0.0305
23	0.048	0.04
23.05	0.114	0.1095
23.1	0.1865	0.184
23.15	0.263	0.2555
23.2	0.345	0.3335
23.25	0.422	0.406
23.3	0.496	0.4765
23.35	0.564	0.535
23.4	0.625	0.589
23.45	0.677	0.631
23.5	0.722	0.664
23.55	0.7515	0.6805
23.6	0.7705	0.6895
23.65	0.776	0.686
23.7	0.77	0.665
23.75	0.7475	0.6345
23.8	0.72	0.598
23.85	0.6745	0.5495
23.9	0.6205	0.4935
23.95	0.558	0.425
24	0.4895	0.358
24.05	0.416	0.282
24.1	0.3415	0.21
24.15	0.2605	0.134
24.2	0.184	0.064
24.25	0.1055	-0.0035
24.3	0.0375	-0.0615
24.35	-0.0265	-0.1175
24.4	-0.079	-0.1605
24.45	-0.123	-0.1925
24.5	-0.154	-0.213
24.55	-0.1755	-0.224
24.6	-0.181	-0.2205
24.65	-0.1765	-0.207
24.7	-0.158	-0.1825
24.75	-0.129	-0.1455
24.8	-0.089	-0.1
24.85	-0.0385	-0.0445
24.9	0.025	0.0185
24.95	0.0925	0.0835
25	0.1665	0.1575
25.05	0.244	0.2305
25.1	0.3255	0.3025
25.15	0.4025	0.3735
25.2	0.481	0.444
25.25	0.551	0.508
25.3	0.6175	0.564
25.35	0.6715	0.607
25.4	0.72	0.6445
25.45	0.753	0.665
25.5	0.774	0.677
25.55	0.784	0.68
25.6	0.781	0.669
25.65	0.7655	0.6425
25.7	0.7335	0.61
25.75	0.691	0.565
25.8	0.6375	0.511
25.85	0.5805	0.4535
25.9	0.511	0.3865
25.95	0.4365	0.3145
26	0.357	0.243
26.05	0.277	0.1675
26.1	0.198	0.096
26.15	0.12	0.03
26.2	0.046	-0.033
26.25	-0.0175	-0.09
26.3	-0.074	-0.137
26.35	-0.1185	-0.175
26.4	-0.155	-0.2005
26.45	-0.1765	-0.215
26.5	-0.1885	-0.2185
26.55	-0.1835	-0.208
26.6	-0.1685	-0.1895
26.65	-0.1375	-0.158
26.7	-0.0985	-0.12
26.75	-0.047	-0.0675
26.8	0.011	-0.0095
26.85	0.0795	0.0565
26.9	0.15	0.125
26.95	0.2295	0.2
27	0.3075	0.271
27.05	0.3895	0.3405
27.1	0.466	0.41
27.15	0.539	0.477
27.2	0.606	0.5325
27.25	0.6665	0.581
27.3	0.711	0.621
27.35	0.75	0.6545
27.4	0.772	0.6695
27.45	0.785	0.6755
27.5	0.784	0.6705
27.55	0.768	0.653
27.6	0.7395	0.6245
27.65	0.7	0.587
27.7	0.648	0.5355
27.75	0.5915	0.4785
27.8	0.5225	0.415
27.85	0.4475	0.349
27.9	0.3655	0.2735
27.95	0.286	0.2
28	0.2075	0.126
28.05	0.131	0.058
28.1	0.0545	-0.005
28.15	-0.0095	-0.064
28.2	-0.0685	-0.1175
28.25	-0.1145	-0.157
28.3	-0.152	-0.189
28.35	-0.1745	-0.2105
28.4	-0.187	-0.222
28.45	-0.184	-0.2185
28.5	-0.175	-0.204
28.55	-0.146	-0.1775
28.6	-0.1105	-0.1405
28.65	-0.0605	-0.0935
28.7	-0.0025	-0.0385
28.75	0.0675	0.0255
28.8	0.1385	0.0895
28.85	0.2175	0.165
28.9	0.295	0.2345
28.95	0.375	0.3115
29	0.4515	0.3785
29.05	0.5255	0.4475
29.1	0.5915	0.5025
29.15	0.6515	0.56
29.2	0.6975	0.604
29.25	0.741	0.645
29.3	0.765	0.668
29.35	0.779	0.68
29.4	0.778	0.676
29.45	0.7675	0.6695
29.5	0.7395	0.643
29.55	0.706	0.6085
29.6	0.6555	0.562
29.65	0.599	0.513
29.7	0.53	0.4475
29.75	0.4575	0.3825
29.8	0.3795	0.309
29.85	0.304	0.2355
29.9	0.2225	0.16
29.95	0.149	0.0905
30	0.0765	0.0195
30.05	0.012	-0.041
30.1	-0.049	-0.097
30.15	-0.0985	-0.1435
30.2	-0.1355	-0.182
30.25	-0.161	-0.207
30.3	-0.1755	-0.223
30.35	-0.1745	-0.224
30.4	-0.1665	-0.2185
30.45	-0.1405	-0.193
30.5	-0.1065	-0.166
30.55	-0.0595	-0.1195
30.6	-0.004	-0.07
30.65	0.061	-0.006
30.7	0.1295	0.0565
30.75	0.203	0.132
30.8	0.2775	0.204
30.85	0.3555	0.2805
30.9	0.429	0.352
30.95	0.505	0.424
31	0.5725	0.487
31.05	0.634	0.547
31.1	0.6815	0.5965
31.15	0.726	0.6375
31.2	0.7525	0.668
31.25	0.7705	0.6875
31.3	0.7685	0.6915
31.35	0.7605	0.684
31.4	0.7365	0.66
31.45	0.705	0.633
31.5	0.6565	0.5895
31.55	0.6045	0.5375
31.6	0.54	0.4745
31.65	0.473	0.41
31.7	0.396	0.3375
31.75	0.323	0.2645
31.8	0.247	0.182
31.85	0.1735	0.1105
31.9	0.102	0.039
31.95	0.0345	-0.0265
32	-0.027	-0.088
32.05	-0.0765	-0.1405
32.1	-0.1165	-0.1845
32.15	-0.145	-0.211
32.2	-0.164	-0.2335
32.25	-0.169	-0.2395
32.3	-0.16	-0.2365
32.35	-0.14	-0.217
32.4	-0.108	-0.186
32.45	-0.066	-0.1465
32.5	-0.0175	-0.095
32.55	0.0405	-0.034
32.6	0.106	0.031
32.65	0.1795	0.104
32.7	0.255	0.1795
32.75	0.3315	0.2595
32.8	0.408	0.336
32.85	0.4805	0.4095
32.9	0.544	0.4785
32.95	0.605	0.5395
33	0.656	0.593
33.05	0.698	0.64
33.1	0.729	0.673
33.15	0.749	0.6915
33.2	0.7545	0.701
33.25	0.75	0.697
33.3	0.733	0.6785
33.35	0.707	0.65
33.4	0.6695	0.6095
33.45	0.62	0.5625
33.5	0.5615	0.5025
33.55	0.4945	0.4355
33.6	0.423	0.364
33.65	0.3475	0.2855
33.7	0.2735	0.207
33.75	0.202	0.1295
33.8	0.131	0.0585
33.85	0.0645	-0.0155
33.9	0.0055	-0.079
33.95	-0.0485	-0.1365
34	-0.093	-0.181
34.05	-0.1255	-0.215
34.1	-0.145	-0.235
34.15	-0.1575	-0.2465
34.2	-0.154	-0.2435
34.25	-0.1385	-0.229
34.3	-0.113	-0.201
34.35	-0.0795	-0.1635
34.4	-0.03	-0.114
34.45	0.023	-0.0565
34.5	0.0885	0.012
34.55	0.1565	0.0845
34.6	0.232	0.162
34.65	0.3025	0.2405
34.7	0.3765	0.3195
34.75	0.4475	0.3945
34.8	0.5155	0.466
34.85	0.5735	0.532
34.9	0.626	0.59
34.95	0.6695	0.634
35	0.708	0.67
35.05	0.7315	0.6935
35.1	0.7465	0.705
35.15	0.747	0.7025
35.2	0.7365	0.6905
35.25	0.715	0.6635
35.3	0.682	0.6255
35.35	0.637	0.5785
35.4	0.5845	0.5205
35.45	0.5205	0.4495
35.5	0.454	0.381
35.55	0.381	0.302
35.6	0.311	0.227
35.65	0.2395	0.143
35.7	0.168	0.067
35.75	0.0995	-0.008
35.8	0.038	-0.071
35.85	-0.0205	-0.1305
35.9	-0.0645	-0.1775
35.95	-0.103	-0.212
36	-0.129	-0.2385
36.05	-0.145	-0.2535
36.1	-0.1465	-0.252
36.15	-0.1395	-0.2385
36.2	-0.1215	-0.21
36.25	-0.0935	-0.1755
36.3	-0.052	-0.1255
36.35	-0.003	-0.066
36.4	0.055	0.002
36.45	0.119	0.0725
36.5	0.19	0.149
36.55	0.2615	0.2255
36.6	0.336	0.3075
36.65	0.404	0.383
36.7	0.476	0.455
36.75	0.5395	0.517
36.8	0.6005	0.578
36.85	0.6495	0.6245
36.9	0.6935	0.6635
36.95	0.7205	0.6895
37	0.74	0.7045
37.05	0.7435	0.7005
37.1	0.738	0.692
37.15	0.7185	0.666
37.2	0.693	0.6315
37.25	0.6525	0.582
37.3	0.6065	0.528
37.35	0.548	0.4595
37.4	0.488	0.3895
37.45	0.416	0.309
37.5	0.345	0.235
37.55	0.2725	0.153
37.6	0.202	0.0785
37.65	0.128	0.006
37.7	0.0645	-0.059
37.75	0.001	-0.1185
37.8	-0.049	-0.168
37.85	-0.091	-0.206
37.9	-0.122	-0.229
37.95	-0.1445	-0.2455
38	-0.1525	-0.2465
38.05	-0.152	-0.2365
38.1	-0.1375	-0.211
38.15	-0.1105	-0.1775
38.2	-0.0715	-0.1305
38.25	-0.0265	-0.077
38.3	0.029	-0.0135
38.35	0.094	0.0575
38.4	0.1625	0.1305
38.45	0.2315	0.208
38.5	0.3065	0.287
38.55	0.378	0.366
38.6	0.4515	0.4395
38.65	0.5175	0.5025
38.7	0.5805	0.5645
38.75	0.633	0.6135
38.8	0.681	0.654
38.85	0.7155	0.678
38.9	0.7375	0.696
38.95	0.747	0.698
39	0.7475	0.692
39.05	0.7345	0.668
39.1	0.7125	0.6345
39.15	0.674	0.5895
39.2	0.629	0.533
39.25	0.574	0.47
39.3	0.513	0.4025
39.35	0.4445	0.326
39.4	0.3745	0.251
39.45	0.3	0.175
39.5	0.226	0.1005
39.55	0.151	0.028
39.6	0.084	-0.039
39.65	0.0215	-0.101
39.7	-0.0335	-0.15
39.75	-0.081	-0.19
39.8	-0.116	-0.219
39.85	-0.144	-0.2355
39.9	-0.159	-0.2375
39.95	-0.163	-0.2335
40	-0.1515	-0.213
40.05	-0.1285	-0.1795
40.1	-0.098	-0.137
40.15	-0.0555	-0.0865
40.2	-0.001	-0.024
40.25	0.0615	0.0445
40.3	0.1275	0.1185
40.35	0.201	0.195
40.4	0.272	0.2705
40.45	0.3485	0.346
40.5	0.4245	0.4175
40.55	0.4945	0.4805
40.6	0.5595	0.54
40.65	0.6195	0.5925
40.7	0.6685	0.634
40.75	0.7085	0.666
40.8	0.739	0.6855
40.85	0.7565	0.6905
40.9	0.7575	0.682
40.95	0.75	0.6635
41	0.7275	0.632
41.05	0.6995	0.5925
41.1	0.656	0.543
41.15	0.6035	0.4815
41.2	0.5415	0.416
41.25	0.4745	0.3455
41.3	0.402	0.273
41.35	0.3305	0.1985
41.4	0.256	0.122
41.45	0.178	0.0515
41.5	0.1035	-0.018
41.55	0.0365	-0.077
41.6	-0.022	-0.1295
41.65	-0.0745	-0.1685
41.7	-0.117	-0.202
41.75	-0.146	-0.22
41.8	-0.1645	-0.2285
41.85	-0.171	-0.226
41.9	-0.1665	-0.2095
41.95	-0.146	-0.18
42	-0.1155	-0.1425
42.05	-0.075	-0.094
42.1	-0.023	-0.037
42.15	0.0385	0.031
42.2	0.105	0.1005
42.25	0.1775	0.172
42.3	0.2515	0.2435
42.35	0.328	0.3195
42.4	0.4045	0.388
42.45	0.481	0.4565
42.5	0.5485	0.5155
42.55	0.6105	0.57
42.6	0.6625	0.6135
42.65	0.706	0.6465
42.7	0.7395	0.6655
42.75	0.764	0.678
42.8	0.7695	0.675
42.85	0.765	0.6665
42.9	0.7465	0.637
42.95	0.7175	0.598
43	0.6745	0.5505
43.05	0.6225	0.498
43.1	0.565	0.437
43.15	0.4985	0.3685
43.2	0.422	0.2995
43.25	0.3445	0.228
43.3	0.2675	0.1515
43.35	0.1925	0.083
43.4	0.115	0.0135
43.45	0.049	-0.045
43.5	-0.0125	-0.101
43.55	-0.066	-0.142
43.6	-0.111	-0.1795
43.65	-0.1455	-0.202
43.7	-0.17	-0.2175
43.75	-0.1775	-0.216
43.8	-0.177	-0.2065
43.85	-0.16	-0.1795
43.9	-0.132	-0.149
43.95	-0.0925	-0.104
44	-0.042	-0.054
44.05	0.0185	0.0055
44.1	0.0845	0.069
44.15	0.161	0.1425
44.2	0.234	0.214
44.25	0.3115	0.287
44.3	0.3865	0.3565
44.35	0.4635	0.422
44.4	0.534	0.4855
44.45	0.601	0.541
44.5	0.658	0.583
44.55	0.707	0.625
44.6	0.7435	0.6475
44.65	0.7665	0.6645
44.7	0.775	0.6685
44.75	0.773	0.663
44.8	0.7545	0.6405
44.85	0.7315	0.609
44.9	0.6885	0.5685
44.95	0.642	0.52
45	0.5815	0.46
45.05	0.516	0.3975
45.1	0.439	0.327
45.15	0.3635	0.2575
45.2	0.2825	0.1845
45.25	0.2075	0.1145
45.3	0.13	0.045
45.35	0.058	-0.0155
45.4	-0.0075	-0.0735
45.45	-0.0625	-0.1235
45.5	-0.111	-0.1645
45.55	-0.145	-0.19
45.6	-0.1685	-0.2065
45.65	-0.1785	-0.213
45.7	-0.178	-0.211
45.75	-0.1645	-0.194
45.8	-0.1395	-0.169
45.85	-0.1	-0.1275
45.9	-0.053	-0.0805
45.95	0.0075	-0.0215
46	0.0705	0.0385
46.05	0.141	0.109
46.1	0.213	0.18
46.15	0.2955	0.251
46.2	0.373	0.322
46.25	0.4485	0.392
46.3	0.5225	0.4555
46.35	0.59	0.517
46.4	0.6485	0.565
46.45	0.698	0.6075
46.5	0.736	0.638
46.55	0.7645	0.659
46.6	0.777	0.669
46.65	0.775	0.6655
46.7	0.76	0.65
46.75	0.735	0.624
46.8	0.6945	0.588
46.85	0.6495	0.544
46.9	0.5925	0.4905
46.95	0.527	0.429
47	0.454	0.3595
47.05	0.377	0.288
47.1	0.3	0.2185
47.15	0.2225	0.148
47.2	0.1475	0.0785
47.25	0.0735	0.0135
47.3	0.0055	-0.0475
47.35	-0.05	-0.098
47.4	-0.097	-0.144
47.45	-0.1365	-0.182
47.5	-0.164	-0.201
47.55	-0.178	-0.214
47.6	-0.1765	-0.214
47.65	-0.165	-0.207
47.7	-0.1395	-0.184
47.75	-0.1045	-0.147
47.8	-0.056	-0.105
47.85	-0.0045	-0.0525
47.9	0.0605	0.0085
47.95	0.1295	0.078
48	0.2055	0.149
48.05	0.283	0.218
48.1	0.362	0.29
48.15	0.438	0.3615
48.2	0.5105	0.431
48.25	0.5745	0.4935
48.3	0.6335	0.5495
48.35	0.686	0.595
48.4	0.727	0.6295
48.45	0.7525	0.6515
48.5	0.7665	0.6695
48.55	0.7675	0.671
48.6	0.761	0.664
48.65	0.7365	0.641
48.7	0.702	0.61
48.75	0.6545	0.5685
48.8	0.602	0.521
48.85	0.536	0.459
48.9	0.4685	0.3965
48.95	0.393	0.3245
49	0.3185	0.25
49.05	0.2415	0.174
49.1	0.168	0.103
49.15	0.096	0.0335
49.2	0.029	-0.03
49.25	-0.032	-0.0845
49.3	-0.0795	-0.1355
49.35	-0.1205	-0.1755
49.4	-0.149	-0.2045
49.45	-0.1645	-0.223
49.5	-0.166	-0.226
49.55	-0.1575	-0.219
49.6	-0.136	-0.2005
49.65	-0.106	-0.17
49.7	-0.0635	-0.1265
49.75	-0.0135	-0.078
49.8	0.0495	-0.018
49.85	0.1155	0.0435
49.9	0.191	0.118
49.95	0.2655	0.191
50	0.3425	0.2645
50.05	0.4155	0.3365
50.1	0.4885	0.412
50.15	0.5525	0.4755
50.2	0.61	0.5375
50.25	0.6595	0.586
50.3	0.705	0.6305
50.35	0.7355	0.6595
50.4	0.753	0.6815
50.45	0.7565	0.6845
50.5	0.7505	0.6815
50.55	0.7305	0.6645
50.6	0.703	0.637
50.65	0.657	0.5945
50.7	0.606	0.5455
50.75	0.544	0.4835
50.8	0.481	0.4205
50.85	0.4085	0.347
50.9	0.3345	0.2745
50.95	0.2585	0.1985
51	0.185	0.1255
51.05	0.1175	0.0525
51.1	0.0525	-0.014
51.15	-0.0065	-0.0755
51.2	-0.0555	-0.1265
51.25	-0.097	-0.1705
51.3	-0.1275	-0.2025
51.35	-0.148	-0.227
51.4	-0.1545	-0.2335
51.45	-0.152	-0.2305
51.5	-0.135	-0.2125
51.55	-0.1065	-0.1915
51.6	-0.0665	-0.151
51.65	-0.021	-0.1
51.7	0.037	-0.041
51.75	0.1015	0.0225
51.8	0.1725	0.095
51.85	0.2425	0.163
51.9	0.316	0.242
51.95	0.3865	0.3165
52	0.46	0.394
52.05	0.5245	0.4645
52.1	0.587	0.5255
52.15	0.637	0.5765
52.2	0.682	0.625
52.25	0.7135	0.659
52.3	0.7355	0.6855
52.35	0.745	0.697
52.4	0.7455	0.6975
52.45	0.73	0.6775
52.5	0.7045	0.651
52.55	0.6655	0.613
52.6	0.6215	0.5675
52.65	0.5645	0.5065
52.7	0.5035	0.443
52.75	0.435	0.371
52.8	0.3645	0.2955
52.85	0.289	0.2185
52.9	0.2195	0.1415
52.95	0.149	0.0655
53	0.084	-0.0045
53.05	0.024	-0.071
53.1	-0.0295	-0.1235
53.15	-0.0745	-0.1725
53.2	-0.1105	-0.2085
53.25	-0.1355	-0.231
53.3	-0.147	-0.2415
53.35	-0.1485	-0.242
53.4	-0.135	-0.2275
53.45	-0.1115	-0.201
53.5	-0.0795	-0.1645
53.55	-0.036	-0.117
53.6	0.017	-0.0595
53.65	0.0775	0.001
53.7	0.143	0.074
53.75	0.211	0.1475
53.8	0.283	0.2285
53.85	0.354	0.3065
53.9	0.4235	0.3815
53.95	0.49	0.452
54	0.5545	0.5165
54.05	0.6115	0.5735
54.1	0.658	0.626
54.15	0.6945	0.662
54.2	0.7215	0.6895
54.25	0.735	0.702
54.3	0.7365	0.7
54.35	0.728	0.688
54.4	0.709	0.6595
54.45	0.6785	0.624
54.5	0.636	0.578
54.55	0.586	0.521
54.6	0.5275	0.457
54.65	0.465	0.385
54.7	0.3935	0.3095
54.75	0.3235	0.2315
54.8	0.2515	0.155
54.85	0.1815	0.078
54.9	0.115	0.003
54.95	0.0545	-0.0595
55	-0.0055	-0.118
55.05	-0.054	-0.166
55.1	-0.0945	-0.2055
55.15	-0.12	-0.2275
55.2	-0.139	-0.242
55.25	-0.143	-0.242
55.3	-0.1365	-0.2325
55.35	-0.119	-0.209
55.4	-0.0945	-0.1745
55.45	-0.053	-0.1265
55.5	-0.008	-0.0715
55.55	0.05	-0.0075
55.6	0.108	0.064
55.65	0.1775	0.14
55.7	0.247	0.2165
55.75	0.32	0.2955
55.8	0.3915	0.3695
55.85	0.4605	0.4445
55.9	0.525	0.5085
55.95	0.5835	0.5665
56	0.6365	0.6125
56.05	0.6805	0.6525
56.1	0.7095	0.679
56.15	0.7325	0.698
56.2	0.7405	0.696
56.25	0.7385	0.6855
56.3	0.7215	0.6615
56.35	0.6975	0.627
56.4	0.658	0.5805
56.45	0.614	0.525
56.5	0.5605	0.4635
56.55	0.5005	0.3975
56.6	0.43	0.3225
56.65	0.3585	0.2495
56.7	0.283	0.17
56.75	0.214	0.0955
56.8	0.146	0.0215
56.85	0.0815	-0.0425
56.9	0.018	-0.1035
56.95	-0.0345	-0.1495
57	-0.0805	-0.19
57.05	-0.111	-0.221
57.1	-0.1335	-0.2385
57.15	-0.146	-0.2395
57.2	-0.1485	-0.232
57.25	-0.138	-0.2085
57.3	-0.117	-0.1765
57.35	-0.0825	-0.1305
57.4	-0.038	-0.079
57.45	0.016	-0.0145
57.5	0.0745	0.05
57.55	0.144	0.1265
57.6	0.213	0.2
57.65	0.2875	0.279
57.7	0.3615	0.349
57.75	0.4345	0.422
57.8	0.4995	0.4885
57.85	0.5645	0.55
57.9	0.6165	0.596
57.95	0.666	0.639
58	0.7035	0.666
58.05	0.731	0.685
58.1	0.743	0.6865
58.15	0.7465	0.684
58.2	0.734	0.6615
58.25	0.716	0.6315
58.3	0.684	0.5875
58.35	0.6415	0.536
58.4	0.587	0.476
58.45	0.5275	0.412
58.5	0.459	0.3385
58.55	0.389	0.264
58.6	0.315	0.1855
58.65	0.2415	0.1135
58.7	0.168	0.0405
58.75	0.0995	-0.023
58.8	0.0355	-0.0845
58.85	-0.019	-0.1345
58.9	-0.0685	-0.1755
58.95	-0.1015	-0.2025
59	-0.134	-0.2235
59.05	-0.1495	-0.2275
59.1	-0.156	-0.2215
59.15	-0.149	-0.205
59.2	-0.131	-0.176
59.25	-0.0995	-0.1325
59.3	-0.0615	-0.0845
59.35	-0.008	-0.0275
59.4	0.051	0.035
59.45	0.1155	0.108
59.5	0.1875	0.179
59.55	0.264	0.2575
59.6	0.336	0.328
59.65	0.4105	0.4
59.7	0.479	0.462
59.75	0.5455	0.5215
59.8	0.603	0.5725
59.85	0.6575	0.6165
59.9	0.7005	0.6495
59.95	0.732	0.671
60	0.7515	0.6765
60.05	0.759	0.674
60.1	0.753	0.6585
60.15	0.7375	0.632
60.2	0.7065	0.5925
60.25	0.6645	0.545
60.3	0.6115	0.4895
60.35	0.553	0.427
60.4	0.486	0.3565
60.45	0.415	0.2825
60.5	0.341	0.2085
60.55	0.266	0.138
60.6	0.191	0.068
60.65	0.1165	0.0035
60.7	0.0465	-0.058
60.75	-0.015	-0.1115
60.8	-0.0655	-0.1545
60.85	-0.1085	-0.1855
60.9	-0.14	-0.2075
60.95	-0.159	-0.2165
61	-0.169	-0.216
61.05	-0.167	-0.2055
61.1	-0.149	-0.18
61.15	-0.119	-0.1425
61.2	-0.0775	-0.097
61.25	-0.0255	-0.042
61.3	0.0325	0.017
61.35	0.0985	0.085
61.4	0.167	0.157
61.45	0.242	0.2285
61.5	0.32	0.301
61.55	0.3925	0.3675
61.6	0.465	0.436
61.65	0.5325	0.497
61.7	0.596	0.5505
61.75	0.653	0.5935
61.8	0.7005	0.6285
61.85	0.7355	0.6525
61.9	0.759	0.6645
61.95	0.766	0.663
62	0.765	0.654
62.05	0.7495	0.6315
62.1	0.7235	0.6015
62.15	0.6815	0.557
62.2	0.6335	0.506
62.25	0.575	0.4445
62.3	0.5115	0.382
62.35	0.4385	0.312
62.4	0.361	0.24
62.45	0.2835	0.168
62.5	0.2115	0.099
62.55	0.136	0.0345
62.6	0.066	-0.0235
62.65	0.002	-0.078
62.7	-0.0555	-0.123
62.75	-0.101	-0.1615
62.8	-0.135	-0.1865
62.85	-0.16	-0.2025
62.9	-0.1715	-0.203
62.95	-0.1705	-0.1975
63	-0.157	-0.1765
63.05	-0.1305	-0.147
63.1	-0.0915	-0.106
63.15	-0.044	-0.06
63.2	0.0165	-0.003
63.25	0.079	0.058
63.3	0.152	0.1275
63.35	0.226	0.197
63.4	0.303	0.268
63.45	0.378	0.3375
63.5	0.4545	0.4075
63.55	0.525	0.467
63.6	0.593	0.524
63.65	0.6485	0.569
63.7	0.696	0.61
63.75	0.7305	0.639
63.8	0.7575	0.6595
63.85	0.7685	0.664
63.9	0.771	0.6585
63.95	0.754	0.6385
64	0.729	0.614
64.05	0.6915	0.5745
64.1	0.646	0.529
64.15	0.584	0.4725
64.2	0.5195	0.4115
64.25	0.4485	0.3425
64.3	0.3745	0.2775
64.35	0.2945	0.203
64.4	0.2185	0.1335
64.45	0.142	0.066
64.5	0.074	0.01
64.55	0.006	-0.051
64.6	-0.046	-0.0995
64.65	-0.0935	-0.144
64.7	-0.1295	-0.174
64.75	-0.158	-0.1965
64.8	-0.169	-0.202
64.85	-0.172	-0.205
64.9	-0.159	-0.191
64.95	-0.1375	-0.166
65	-0.101	-0.128
65.05	-0.055	-0.086
65.1	0.0055	-0.0305
65.15	0.066	0.0255
65.2	0.1365	0.0945
65.25	0.2095	0.1615
65.3	0.2885	0.235
65.35	0.363	0.302
65.4	0.441	0.374
65.45	0.5125	0.438
65.5	0.5805	0.499
65.55	0.6365	0.549
65.6	0.6855	0.5945
65.65	0.724	0.6275
65.7	0.7525	0.654
65.75	0.7655	0.663
65.8	0.7675	0.6665
65.85	0.7545	0.653
65.9	0.7305	0.6285
65.95	0.6945	0.5985
66	0.652	0.556
66.05	0.5955	0.503
66.1	0.534	0.4465
66.15	0.463	0.3785
66.2	0.3915	0.3105
66.25	0.311	0.24
66.3	0.2335	0.169
66.35	0.16	0.0965
66.4	0.0905	0.03
66.45	0.0255	-0.031
66.5	-0.029	-0.0845
66.55	-0.0805	-0.133
66.6	-0.119	-0.1665
66.65	-0.1475	-0.1935
66.7	-0.161	-0.2055
66.75	-0.1645	-0.21
66.8	-0.1535	-0.2015
66.85	-0.132	-0.1825
66.9	-0.099	-0.15
66.95	-0.0575	-0.109
67	-0.002	-0.0585
67.05	0.055	-0.0025
67.1	0.125	0.0665
67.15	0.196	0.132
67.2	0.2715	0.2045
67.25	0.3475	0.2745
67.3	0.427	0.346
67.35	0.498	0.4165
67.4	0.562	0.4785
67.45	0.6165	0.537
67.5	0.666	0.5835
67.55	0.707	0.6185
67.6	0.737	0.648
67.65	0.7525	0.6655
67.7	0.758	0.6715
67.75	0.749	0.6655
67.8	0.729	0.6495
67.85	0.6985	0.6175
67.9	0.656	0.5785
67.95	0.606	0.53
68	0.5435	0.471
68.05	0.4755	0.407
68.1	0.405	0.3385
68.15	0.332	0.2685
68.2	0.254	0.194
68.25	0.181	0.123
68.3	0.1105	0.0515
68.35	0.0455	-0.012
68.4	-0.0125	-0.0715
68.45	-0.0585	-0.1195
68.5	-0.1015	-0.1595
68.55	-0.1285	-0.1905
68.6	-0.1465	-0.214
68.65	-0.1525	-0.2195
68.7	-0.1495	-0.217
68.75	-0.13	-0.1995
68.8	-0.102	-0.1745
68.85	-0.0595	-0.1355
68.9	-0.011	-0.087
68.95	0.0485	-0.028
69	0.1085	0.0355
69.05	0.179	0.1055
69.1	0.2515	0.1765
69.15	0.327	0.2525
69.2	0.3995	0.3225
69.25	0.469	0.3955
69.3	0.5335	0.459
69.35	0.5955	0.521
69.4	0.6455	0.5725
69.45	0.6885	0.6185
69.5	0.718	0.648
69.55	0.7385	0.6675
69.6	0.745	0.6785
69.65	0.743	0.6785
69.7	0.725	0.6635
69.75	0.6995	0.638
69.8	0.658	0.5955
69.85	0.61	0.5505
69.9	0.553	0.4955
69.95	0.491	0.431
70	0.4225	0.359
70.05	0.3525	0.287
70.1	0.277	0.2115
70.15	0.206	0.1365
70.2	0.1365	0.062
70.25	0.0715	-0.001
70.3	0.011	-0.064
70.35	-0.0385	-0.1115
70.4	-0.08	-0.1585
70.45	-0.1115	-0.195
70.5	-0.135	-0.2195
70.55	-0.143	-0.228
70.6	-0.142	-0.229
70.65	-0.1265	-0.214
70.7	-0.1035	-0.19
70.75	-0.066	-0.1485
70.8	-0.021	-0.1025
70.85	0.036	-0.0465
70.9	0.0945	0.015
70.95	0.157	0.086
71	0.225	0.157
71.05	0.2985	0.236
71.1	0.37	0.3085
71.15	0.4435	0.3855
71.2	0.508	0.452
71.25	0.5675	0.517
71.3	0.6185	0.568
71.35	0.664	0.618
71.4	0.696	0.651
71.45	0.7205	0.679
71.5	0.732	0.6875
71.55	0.7345	0.6885
71.6	0.721	0.674
71.65	0.703	0.65
71.7	0.669	0.6095
71.75	0.6265	0.566
71.8	0.573	0.51
71.85	0.514	0.45
71.9	0.448	0.3805
71.95	0.381	0.306
72	0.3085	0.2285
72.05	0.238	0.155
72.1	0.166	0.0785
72.15	0.102	0.012
72.2	0.0415	-0.0545
72.25	-0.0105	-0.1095
72.3	-0.057	-0.158
72.35	-0.0935	-0.1925
72.4	-0.119	-0.222
72.45	-0.132	-0.233
72.5	-0.1375	-0.236
72.55	-0.1265	-0.222
72.6	-0.107	-0.2025
72.65	-0.076	-0.166
72.7	-0.038	-0.1205
72.75	0.008	-0.0625
72.8	0.064	-0.002
72.85	0.1295	0.069
72.9	0.196	0.1395
72.95	0.266	0.2165
73	0.3355	0.295
73.05	0.408	0.372
73.1	0.4745	0.4405
73.15	0.5385	0.5065
73.2	0.59	0.56
73.25	0.639	0.6105
73.3	0.676	0.649
73.35	0.7075	0.676
73.4	0.7235	0.69
73.45	0.733	0.6915
73.5	0.7245	0.6815
73.55	0.708	0.6625
73.6	0.679	0.6265
73.65	0.642	0.5825
73.7	0.593	0.525
73.75	0.54	0.464
73.8	0.4775	0.3935
73.85	0.4105	0.3205
73.9	0.34	0.241
73.95	0.273	0.1665
74	0.2025	0.093
74.05	0.1355	0.0235
74.1	0.072	-0.043
74.15	0.0135	-0.102
74.2	-0.036	-0.1515
74.25	-0.0755	-0.191
74.3	-0.108	-0.2155
74.35	-0.128	-0.231
74.4	-0.1375	-0.235
74.45	-0.135	-0.2265
74.5	-0.1225	-0.207
74.55	-0.0965	-0.1715
74.6	-0.059	-0.127
74.65	-0.0155	-0.0735
74.7	0.0365	-0.0095
74.75	0.0945	0.061
74.8	0.1595	0.131
74.85	0.23	0.205
74.9	0.3035	0.281
74.95	0.374	0.3555
75	0.4425	0.4275
75.05	0.509	0.4935
75.1	0.5675	0.553
75.15	0.6195	0.6025
75.2	0.6615	0.641
75.25	0.6965	0.6695
75.3	0.7205	0.686
75.35	0.7315	0.6885
75.4	0.732	0.6795
75.45	0.7205	0.658
75.5	0.7	0.6275
75.55	0.6645	0.581
75.6	0.6215	0.528
75.65	0.567	0.467
75.7	0.51	0.4005
75.75	0.4415	0.33
75.8	0.3745	0.257
75.85	0.3015	0.1825
75.9	0.23	0.1065
75.95	0.161	0.0345
76	0.097	-0.0285
76.05	0.035	-0.089
76.1	-0.018	-0.134
76.15	-0.067	-0.1755
76.2	-0.1005	-0.203
76.25	-0.1255	-0.2225
76.3	-0.1385	-0.2255
76.35	-0.142	-0.217
76.4	-0.1325	-0.198
76.45	-0.1145	-0.1685
76.5	-0.0815	-0.127
76.55	-0.0405	-0.0775
76.6	0.012	-0.015
76.65	0.07	0.05
76.7	0.136	0.122
76.75	0.2005	0.1915
76.8	0.2735	0.27
76.85	0.3455	0.3405
76.9	0.418	0.4085
76.95	0.483	0.473
77	0.5485	0.5315
77.05	0.6035	0.581
77.1	0.654	0.624
77.15	0.6915	0.654
77.2	0.7195	0.6735
77.25	0.7355	0.679
77.3	0.7425	0.6725
77.35	0.7365	0.653
77.4	0.7165	0.6265
77.45	0.684	0.587
77.5	0.6465	0.5375
77.55	0.5975	0.478
77.6	0.5395	0.4135
77.65	0.4745	0.3445
77.7	0.4085	0.2735
77.75	0.3345	0.198
77.8	0.2605	0.129
77.85	0.1845	0.0625
77.9	0.1165	-0.005
77.95	0.0515	-0.066
78	-0.004	-0.115
78.05	-0.0545	-0.1565
78.1	-0.095	-0.185
78.15	-0.1265	-0.206
78.2	-0.1445	-0.2095
78.25	-0.1505	-0.21
78.3	-0.143	-0.1925
78.35	-0.129	-0.169
78.4	-0.099	-0.127
78.45	-0.06	-0.0845
78.5	-0.0115	-0.0265
78.55	0.043	0.0345
78.6	0.109	0.1045
78.65	0.1765	0.172
78.7	0.249	0.247
78.75	0.323	0.316
78.8	0.3995	0.3855
78.85	0.469	0.4475
78.9	0.5365	0.509
78.95	0.598	0.5565
79	0.652	0.603
79.05	0.692	0.635
79.1	0.7245	0.6565
79.15	0.7445	0.6655
79.2	0.7535	0.6655
79.25	0.748	0.65
79.3	0.7335	0.6295
79.35	0.708	0.5925
79.4	0.672	0.5485
79.45	0.6215	0.4915
79.5	0.5635	0.4335
79.55	0.498	0.3635
79.6	0.428	0.2995
79.65	0.3515	0.2285
79.7	0.2765	0.1595
79.75	0.202	0.085
79.8	0.1305	0.0225
79.85	0.061	-0.039
79.9	-0.001	-0.0895
79.95	-0.0535	-0.136
80	-0.0955	-0.1655
80.05	-0.1265	-0.1925
80.1	-0.149	-0.1995
80.15	-0.1625	-0.202
80.2	-0.161	-0.1875
80.25	-0.1435	-0.166
80.3	-0.1145	-0.135
80.35	-0.078	-0.093
80.4	-0.026	-0.043
80.45	0.028	0.014
80.5	0.0925	0.0785
80.55	0.16	0.146
80.6	0.233	0.218
80.65	0.305	0.2855
80.7	0.3815	0.3525
80.75	0.456	0.419
80.8	0.527	0.481
80.85	0.588	0.534
80.9	0.644	0.581
80.95	0.686	0.6125
81	0.7205	0.641
81.05	0.7435	0.653
81.1	0.758	0.657
81.15	0.758	0.6505
81.2	0.7465	0.6325
81.25	0.7205	0.601
81.3	0.6835	0.5585
81.35	0.6355	0.5075
81.4	0.578	0.4535
81.45	0.5115	0.391
81.5	0.4415	0.3265
81.55	0.366	0.257
81.6	0.29	0.188
81.65	0.2165	0.1135
81.7	0.1455	0.05
81.75	0.079	-0.0095
81.8	0.015	-0.061
81.85	-0.0445	-0.1055
81.9	-0.0905	-0.144
81.95	-0.1245	-0.1735
82	-0.1495	-0.1915
82.05	-0.1605	-0.1965
82.1	-0.159	-0.1925
82.15	-0.1465	-0.1775
82.2	-0.12	-0.1505
82.25	-0.085	-0.114
82.3	-0.0435	-0.067
82.35	0.013	-0.0125
82.4	0.0765	0.0475
82.45	0.1455	0.114
82.5	0.221	0.18
82.55	0.2995	0.248
82.6	0.374	0.318
82.65	0.45	0.386
82.7	0.5185	0.45
82.75	0.5835	0.508
82.8	0.6375	0.5545
82.85	0.685	0.597
82.9	0.722	0.626
82.95	0.7525	0.6465
83	0.7625	0.652
83.05	0.7625	0.6515
83.1	0.7495	0.6365
83.15	0.727	0.6155
83.2	0.688	0.579
83.25	0.643	0.535
83.3	0.586	0.481
83.35	0.5235	0.422
83.4	0.452	0.355
83.45	0.378	0.2855
83.5	0.3035	0.2165
83.55	0.2305	0.1505
83.6	0.1555	0.0835
83.65	0.0845	0.024
83.7	0.018	-0.0375
83.75	-0.036	-0.0885
83.8	-0.081	-0.132
83.85	-0.1195	-0.1615
