MIN=0	-1	-1
MAX=80	1	1
SCALE=80	0.5	0.5
DEC=2	3	3
DEF="Zeit" t / s	"Spannung" U_A1 / V	"Spannung" U_B1 / V
0	0.581	-0.0435
0.05	0.5665	-0.027
0.1	0.5505	-0.0025
0.15	0.527	0.022
0.2	0.502	0.0515
0.25	0.4715	0.082
0.3	0.4395	0.1185
0.35	0.405	0.154
0.4	0.367	0.1915
0.45	0.3325	0.226
0.5	0.2965	0.257
0.55	0.2615	0.2875
0.6	0.235	0.3125
0.65	0.2105	0.3305
0.7	0.19	0.347
0.75	0.1765	0.358
0.8	0.169	0.361
0.85	0.163	0.3555
0.9	0.164	0.3515
0.95	0.1725	0.336
1	0.1865	0.3185
1.05	0.2075	0.293
1.1	0.233	0.2625
1.15	0.26	0.2305
1.2	0.292	0.199
1.25	0.3265	0.161
1.3	0.3645	0.1255
1.35	0.401	0.0865
1.4	0.4355	0.0545
1.45	0.467	0.0215
1.5	0.4965	-0.0025
1.55	0.5225	-0.028
1.6	0.5445	-0.045
1.65	0.563	-0.058
1.7	0.5745	-0.0665
1.75	0.579	-0.0645
1.8	0.583	-0.057
1.85	0.5745	-0.0455
1.9	0.5605	-0.0265
1.95	0.542	-0.003
2	0.521	0.027
2.05	0.4945	0.0555
2.1	0.4635	0.0905
2.15	0.4285	0.129
2.2	0.3935	0.1655
2.25	0.3575	0.2005
2.3	0.321	0.235
2.35	0.2895	0.266
2.4	0.2585	0.296
2.45	0.232	0.32
2.5	0.208	0.339
2.55	0.19	0.3525
2.6	0.176	0.366
2.65	0.167	0.3645
2.7	0.163	0.3625
2.75	0.166	0.351
2.8	0.1775	0.332
2.85	0.193	0.313
2.9	0.2175	0.2895
2.95	0.2425	0.2595
3	0.2725	0.2265
3.05	0.302	0.188
3.1	0.336	0.15
3.15	0.37	0.1125
3.2	0.4045	0.077
3.25	0.4405	0.0445
3.3	0.4745	0.0135
3.35	0.502	-0.0155
3.4	0.526	-0.0365
3.45	0.5475	-0.054
3.5	0.564	-0.0645
3.55	0.575	-0.0665
3.6	0.5785	-0.0625
3.65	0.5765	-0.0545
3.7	0.5675	-0.0405
3.75	0.553	-0.022
3.8	0.537	0.003
3.85	0.514	0.0295
3.9	0.485	0.061
3.95	0.4535	0.0955
4	0.418	0.1355
4.05	0.3835	0.173
4.1	0.35	0.2095
4.15	0.3165	0.243
4.2	0.2815	0.2735
4.25	0.252	0.303
4.3	0.225	0.3265
4.35	0.2015	0.347
4.4	0.184	0.3595
4.45	0.1725	0.366
4.5	0.165	0.367
4.55	0.1675	0.3625
4.6	0.175	0.349
4.65	0.185	0.335
4.7	0.2015	0.309
4.75	0.2245	0.2825
4.8	0.251	0.2515
4.85	0.2795	0.216
4.9	0.314	0.178
4.95	0.3505	0.1415
5	0.3795	0.102
5.05	0.416	0.0675
5.1	0.4505	0.0355
5.15	0.481	0.004
5.2	0.509	-0.0205
5.25	0.532	-0.0395
5.3	0.551	-0.0545
5.35	0.566	-0.0615
5.4	0.5735	-0.0655
5.45	0.5765	-0.062
5.5	0.572	-0.0525
5.55	0.564	-0.039
5.6	0.5475	-0.018
5.65	0.528	0.007
5.7	0.5015	0.038
5.75	0.475	0.0705
5.8	0.4415	0.107
5.85	0.4085	0.1465
5.9	0.3755	0.182
5.95	0.3395	0.2175
6	0.302	0.255
6.05	0.269	0.287
6.1	0.239	0.3135
6.15	0.216	0.3385
6.2	0.1965	0.3505
6.25	0.183	0.366
6.3	0.1745	0.37
6.35	0.169	0.3695
6.4	0.1715	0.3615
6.45	0.1785	0.3485
6.5	0.19	0.329
6.55	0.209	0.303
6.6	0.232	0.274
6.65	0.2595	0.243
6.7	0.2895	0.2065
6.75	0.324	0.168
6.8	0.358	0.133
6.85	0.3945	0.0995
6.9	0.4245	0.0625
6.95	0.4575	0.0275
7	0.4865	-0.0015
7.05	0.5135	-0.0255
7.1	0.5355	-0.0445
7.15	0.553	-0.058
7.2	0.5605	-0.0675
7.25	0.568	-0.067
7.3	0.568	-0.063
7.35	0.563	-0.0515
7.4	0.5515	-0.0385
7.45	0.536	-0.0125
7.5	0.5145	0.0145
7.55	0.4915	0.0465
7.6	0.4605	0.0805
7.65	0.4295	0.115
7.7	0.3945	0.149
7.75	0.364	0.187
7.8	0.328	0.225
7.85	0.295	0.261
7.9	0.2635	0.291
7.95	0.2395	0.3195
8	0.216	0.339
8.05	0.1955	0.3555
8.1	0.182	0.364
8.15	0.1765	0.371
8.2	0.172	0.3685
8.25	0.176	0.3605
8.3	0.185	0.3475
8.35	0.202	0.324
8.4	0.221	0.3
8.45	0.246	0.269
8.5	0.2735	0.235
8.55	0.3055	0.202
8.6	0.338	0.162
8.65	0.374	0.1265
8.7	0.407	0.09
8.75	0.4405	0.055
8.8	0.47	0.0205
8.85	0.4985	-0.007
8.9	0.521	-0.0325
8.95	0.5415	-0.0495
9	0.5565	-0.063
9.05	0.5685	-0.066
9.1	0.57	-0.0695
9.15	0.5705	-0.063
9.2	0.5615	-0.0535
9.25	0.548	-0.0335
9.3	0.5295	-0.0115
9.35	0.5065	0.0185
9.4	0.4805	0.048
9.45	0.452	0.085
9.5	0.419	0.119
9.55	0.3865	0.1605
9.6	0.35	0.199
9.65	0.3175	0.236
9.7	0.2855	0.265
9.75	0.2575	0.294
9.8	0.2315	0.322
9.85	0.209	0.3465
9.9	0.192	0.36
9.95	0.182	0.37
10	0.1765	0.3725
10.05	0.1765	0.369
10.1	0.181	0.358
10.15	0.193	0.3455
10.2	0.21	0.324
10.25	0.232	0.299
10.3	0.2565	0.2655
10.35	0.2825	0.233
10.4	0.3115	0.197
10.45	0.3465	0.162
10.5	0.38	0.124
10.55	0.414	0.0855
10.6	0.4455	0.0495
10.65	0.477	0.017
10.7	0.5055	-0.012
10.75	0.528	-0.0355
10.8	0.547	-0.056
10.85	0.5605	-0.0675
10.9	0.569	-0.0745
10.95	0.5695	-0.071
11	0.566	-0.065
11.05	0.557	-0.05
11.1	0.5445	-0.0275
11.15	0.524	-0.0035
11.2	0.4965	0.0255
11.25	0.468	0.06
11.3	0.438	0.094
11.35	0.406	0.132
11.4	0.37	0.1685
11.45	0.3375	0.205
11.5	0.304	0.2375
11.55	0.276	0.273
11.6	0.246	0.302
11.65	0.223	0.3275
11.7	0.203	0.3475
11.75	0.1875	0.365
11.8	0.1775	0.371
11.85	0.175	0.3725
11.9	0.174	0.368
11.95	0.185	0.3575
12	0.198	0.3375
12.05	0.218	0.317
12.1	0.2405	0.287
12.15	0.268	0.258
12.2	0.2945	0.221
12.25	0.3255	0.188
12.3	0.358	0.1505
12.35	0.395	0.1115
12.4	0.4275	0.0735
12.45	0.4575	0.041
12.5	0.4865	0.009
12.55	0.513	-0.0175
12.6	0.5345	-0.0415
12.65	0.5535	-0.054
12.7	0.5635	-0.0655
12.75	0.572	-0.0685
12.8	0.5715	-0.0695
12.85	0.5645	-0.0595
12.9	0.55	-0.048
12.95	0.5345	-0.026
13	0.512	-0.002
13.05	0.4875	0.0285
13.1	0.4585	0.063
13.15	0.427	0.103
13.2	0.392	0.139
13.25	0.361	0.1745
13.3	0.3275	0.212
13.35	0.2935	0.2485
13.4	0.2625	0.278
13.45	0.2365	0.311
13.5	0.216	0.334
13.55	0.1985	0.3505
13.6	0.1855	0.362
13.65	0.1775	0.374
13.7	0.1725	0.3705
13.75	0.1795	0.371
13.8	0.189	0.3545
13.85	0.204	0.3365
13.9	0.224	0.313
13.95	0.2495	0.286
14	0.2745	0.2505
14.05	0.3055	0.2175
14.1	0.3375	0.18
14.15	0.374	0.144
14.2	0.406	0.105
14.25	0.4375	0.073
14.3	0.4705	0.037
14.35	0.5	0.0105
14.4	0.5215	-0.0185
14.45	0.5435	-0.039
14.5	0.5585	-0.057
14.55	0.5695	-0.0645
14.6	0.5725	-0.073
14.65	0.5705	-0.065
14.7	0.559	-0.059
14.75	0.5475	-0.0415
14.8	0.528	-0.021
14.85	0.504	0.0065
14.9	0.4755	0.0345
14.95	0.447	0.0695
15	0.416	0.107
15.05	0.384	0.146
15.1	0.346	0.1815
15.15	0.313	0.2205
15.2	0.282	0.2535
15.25	0.2535	0.287
15.3	0.227	0.3125
15.35	0.2095	0.338
15.4	0.1935	0.35
15.45	0.1825	0.3645
15.5	0.1755	0.369
15.55	0.175	0.3695
15.6	0.1785	0.363
15.65	0.193	0.35
15.7	0.2085	0.329
15.75	0.231	0.3085
15.8	0.255	0.278
15.85	0.285	0.2435
15.9	0.314	0.209
15.95	0.35	0.1745
16	0.3845	0.1355
16.05	0.4185	0.099
16.1	0.4485	0.0625
16.15	0.48	0.0315
16.2	0.505	0.003
16.25	0.5285	-0.021
16.3	0.5445	-0.0445
16.35	0.56	-0.055
16.4	0.568	-0.063
16.45	0.569	-0.063
16.5	0.5635	-0.0665
16.55	0.553	-0.0535
16.6	0.5395	-0.039
16.65	0.523	-0.015
16.7	0.498	0.0095
16.75	0.4725	0.043
16.8	0.44	0.076
16.85	0.4065	0.112
16.9	0.3685	0.147
16.95	0.336	0.1855
17	0.3	0.2215
17.05	0.2705	0.2605
17.1	0.242	0.288
17.15	0.2185	0.316
17.2	0.199	0.334
17.25	0.185	0.352
17.3	0.172	0.363
17.35	0.172	0.3695
17.4	0.174	0.3645
17.45	0.1835	0.3575
17.5	0.1975	0.3435
17.55	0.217	0.3265
17.6	0.238	0.3025
17.65	0.2675	0.2725
17.7	0.294	0.238
17.75	0.3295	0.2045
17.8	0.3625	0.1685
17.85	0.398	0.1345
17.9	0.429	0.093
17.95	0.4635	0.062
18	0.491	0.0265
18.05	0.5175	-0.0015
18.1	0.5385	-0.0275
18.15	0.5595	-0.044
18.2	0.57	-0.059
18.25	0.5755	-0.0665
18.3	0.5725	-0.069
18.35	0.5675	-0.0625
18.4	0.552	-0.0505
18.45	0.537	-0.0305
18.5	0.512	-0.009
18.55	0.4865	0.02
18.6	0.4585	0.052
18.65	0.431	0.084
18.7	0.398	0.1175
18.75	0.364	0.1575
18.8	0.327	0.1955
18.85	0.2925	0.231
18.9	0.259	0.2605
18.95	0.2345	0.292
19	0.2095	0.3175
19.05	0.19	0.341
19.1	0.1755	0.3535
19.15	0.17	0.366
19.2	0.168	0.3665
19.25	0.1745	0.3645
19.3	0.184	0.353
19.35	0.2	0.338
19.4	0.217	0.319
19.45	0.2435	0.2925
19.5	0.2745	0.263
19.55	0.3085	0.23
19.6	0.3405	0.192
19.65	0.3765	0.16
19.7	0.412	0.121
19.75	0.444	0.0845
19.8	0.4745	0.049
19.85	0.504	0.023
19.9	0.525	-0.0055
19.95	0.547	-0.028
20	0.562	-0.049
20.05	0.573	-0.0565
20.1	0.5735	-0.064
20.15	0.576	-0.064
20.2	0.567	-0.0595
20.25	0.553	-0.0425
20.3	0.532	-0.0285
20.35	0.51	-0.001
20.4	0.482	0.0245
20.45	0.451	0.06
20.5	0.4165	0.093
20.55	0.384	0.1325
20.6	0.3485	0.168
20.65	0.317	0.206
20.7	0.284	0.2365
20.75	0.257	0.272
20.8	0.2255	0.298
20.85	0.2015	0.323
20.9	0.1825	0.3425
20.95	0.1705	0.3565
21	0.165	0.3605
21.05	0.168	0.3635
21.1	0.172	0.3575
21.15	0.186	0.3485
21.2	0.2035	0.332
21.25	0.227	0.3095
21.3	0.251	0.2805
21.35	0.2825	0.2535
21.4	0.314	0.2195
21.45	0.353	0.186
21.5	0.385	0.147
21.55	0.42	0.1145
21.6	0.4495	0.079
21.65	0.484	0.049
21.7	0.5105	0.0155
21.75	0.5365	-0.009
21.8	0.554	-0.031
21.85	0.5725	-0.048
21.9	0.5775	-0.0575
21.95	0.5825	-0.061
22	0.576	-0.059
22.05	0.5665	-0.047
22.1	0.5485	-0.0375
22.15	0.529	-0.0145
22.2	0.5005	0.0085
22.25	0.474	0.0385
22.3	0.4395	0.065
22.35	0.409	0.1025
22.4	0.3735	0.1365
22.45	0.3405	0.177
22.5	0.305	0.2125
22.55	0.273	0.2455
22.6	0.2435	0.276
22.65	0.2175	0.3045
22.7	0.195	0.3225
22.75	0.181	0.3405
22.8	0.168	0.349
22.85	0.1655	0.358
22.9	0.167	0.356
22.95	0.1735	0.3525
23	0.1845	0.3385
23.05	0.206	0.3265
23.1	0.2305	0.302
23.15	0.26	0.2765
23.2	0.287	0.244
23.25	0.322	0.212
23.3	0.358	0.174
23.35	0.395	0.145
23.4	0.427	0.1065
23.45	0.4635	0.0745
23.5	0.492	0.0385
23.55	0.52	0.0115
23.6	0.5395	-0.015
23.65	0.558	-0.032
23.7	0.57	-0.0465
23.75	0.581	-0.0515
23.8	0.5815	-0.055
23.85	0.578	-0.0475
23.9	0.564	-0.0395
23.95	0.5475	-0.0245
24	0.5225	-0.008
24.05	0.4985	0.0165
24.1	0.4685	0.0455
24.15	0.437	0.079
24.2	0.4005	0.112
24.25	0.3685	0.15
24.3	0.329	0.184
24.35	0.2935	0.2185
24.4	0.2605	0.251
24.45	0.235	0.283
24.5	0.21	0.3025
24.55	0.1905	0.326
24.6	0.172	0.3425
24.65	0.1635	0.358
24.7	0.1575	0.357
24.75	0.1635	0.3545
24.8	0.175	0.3455
24.85	0.192	0.3365
24.9	0.21	0.3155
24.95	0.236	0.295
25	0.265	0.2615
25.05	0.298	0.2335
25.1	0.3295	0.2005
25.15	0.367	0.167
25.2	0.402	0.132
25.25	0.439	0.0995
25.3	0.47	0.0655
25.35	0.5005	0.0385
25.4	0.526	0.0055
25.45	0.5475	-0.0135
25.5	0.5635	-0.0315
25.55	0.5765	-0.044
25.6	0.5825	-0.0545
25.65	0.582	-0.054
25.7	0.571	-0.051
25.75	0.5595	-0.0355
25.8	0.5395	-0.0215
25.85	0.5165	0.0005
25.9	0.488	0.0235
25.95	0.4605	0.0555
26	0.4255	0.086
26.05	0.3925	0.123
26.1	0.356	0.1525
26.15	0.3235	0.1915
26.2	0.285	0.2245
26.25	0.2515	0.2565
26.3	0.2215	0.283
26.35	0.1995	0.3105
26.4	0.1785	0.3285
26.45	0.166	0.346
26.5	0.1585	0.3525
26.55	0.16	0.355
26.6	0.1625	0.35
26.65	0.1745	0.3435
26.7	0.19	0.3275
26.75	0.2125	0.311
26.8	0.2375	0.285
26.85	0.2695	0.256
26.9	0.298	0.2245
26.95	0.336	0.194
27	0.3725	0.1575
27.05	0.4105	0.124
27.1	0.4465	0.0895
27.15	0.483	0.055
27.2	0.51	0.026
27.25	0.5365	0.001
27.3	0.556	-0.019
27.35	0.5735	-0.0335
27.4	0.5825	-0.0465
27.45	0.5865	-0.0485
27.5	0.58	-0.0515
27.55	0.574	-0.041
27.6	0.558	-0.0305
27.65	0.541	-0.0095
27.7	0.5145	0.0115
27.75	0.4885	0.0405
27.8	0.4525	0.067
27.85	0.416	0.102
27.9	0.378	0.134
27.95	0.3445	0.167
28	0.306	0.201
28.05	0.274	0.239
28.1	0.243	0.2655
28.15	0.219	0.291
28.2	0.193	0.311
28.25	0.1765	0.333
28.3	0.1625	0.342
28.35	0.157	0.3515
28.4	0.154	0.3515
28.45	0.1625	0.3485
28.5	0.173	0.336
28.55	0.1945	0.3215
28.6	0.216	0.3015
28.65	0.2465	0.2745
28.7	0.2765	0.2405
28.75	0.312	0.211
28.8	0.348	0.1765
28.85	0.386	0.146
28.9	0.4205	0.1115
28.95	0.457	0.078
29	0.4875	0.0435
29.05	0.519	0.018
29.1	0.5405	-0.0075
29.15	0.563	-0.0245
29.2	0.575	-0.039
29.25	0.5845	-0.0455
29.3	0.5855	-0.0495
29.35	0.585	-0.0445
29.4	0.572	-0.0355
29.45	0.5585	-0.023
29.5	0.5355	-0.004
29.55	0.5125	0.0215
29.6	0.481	0.0465
29.65	0.4495	0.078
29.7	0.4115	0.11
29.75	0.3755	0.148
29.8	0.3365	0.1795
29.85	0.301	0.213
29.9	0.265	0.2405
29.95	0.2375	0.2715
30	0.21	0.2965
30.05	0.1895	0.319
30.1	0.1695	0.331
30.15	0.159	0.341
30.2	0.1515	0.3455
30.25	0.153	0.344
30.3	0.16	0.338
30.35	0.175	0.328
30.4	0.194	0.3075
30.45	0.221	0.2875
30.5	0.2495	0.258
30.55	0.282	0.2315
30.6	0.3185	0.2
30.65	0.3555	0.168
30.7	0.39	0.1345
30.75	0.4275	0.1
30.8	0.4625	0.0645
30.85	0.4965	0.039
30.9	0.5235	0.0125
30.95	0.5475	-0.006
31	0.564	-0.0265
31.05	0.58	-0.035
31.1	0.584	-0.0455
31.15	0.588	-0.045
31.2	0.5835	-0.0435
31.25	0.575	-0.0305
31.3	0.556	-0.015
31.35	0.5345	0.0095
31.4	0.506	0.034
31.45	0.4765	0.064
31.5	0.4415	0.0925
31.55	0.406	0.125
31.6	0.3675	0.16
31.65	0.3315	0.191
31.7	0.2935	0.2225
31.75	0.2615	0.253
31.8	0.2295	0.281
31.85	0.2045	0.307
31.9	0.183	0.3235
31.95	0.1675	0.3405
32	0.1555	0.345
32.05	0.154	0.3495
32.1	0.1575	0.344
32.15	0.168	0.3385
32.2	0.177	0.3205
32.25	0.1965	0.304
32.3	0.2225	0.2785
32.35	0.255	0.2535
32.4	0.2875	0.2215
32.45	0.323	0.1915
32.5	0.359	0.1565
32.55	0.3975	0.12
32.6	0.4315	0.0875
32.65	0.468	0.0605
32.7	0.4985	0.0285
32.75	0.5285	0.0095
32.8	0.5505	-0.014
32.85	0.5705	-0.028
32.9	0.5815	-0.0395
32.95	0.5895	-0.044
33	0.589	-0.044
33.05	0.5845	-0.036
33.1	0.571	-0.0245
33.15	0.553	-0.0055
33.2	0.528	0.0135
33.25	0.5	0.041
33.3	0.468	0.0665
33.35	0.4345	0.1005
33.4	0.3995	0.1335
33.45	0.3645	0.1695
33.5	0.326	0.199
33.55	0.293	0.231
33.6	0.2585	0.2595
33.65	0.227	0.2905
33.7	0.199	0.3105
33.75	0.1805	0.3295
33.8	0.1635	0.34
33.85	0.157	0.3475
33.9	0.15	0.3455
33.95	0.1555	0.344
34	0.1645	0.331
34.05	0.182	0.3165
34.1	0.2035	0.2895
34.15	0.232	0.2705
34.2	0.261	0.24
34.25	0.296	0.211
34.3	0.327	0.175
34.35	0.3675	0.1425
34.4	0.4045	0.1115
34.45	0.4415	0.082
34.5	0.474	0.05
34.55	0.5045	0.0245
34.6	0.5295	-0.0025
34.65	0.556	-0.018
34.7	0.573	-0.036
34.75	0.5855	-0.042
34.8	0.5895	-0.048
34.85	0.5895	-0.0415
34.9	0.5815	-0.0345
34.95	0.569	-0.0205
35	0.546	-0.004
35.05	0.525	0.025
35.1	0.4925	0.05
35.15	0.4635	0.083
35.2	0.4255	0.1135
35.25	0.3895	0.146
35.3	0.3535	0.178
35.35	0.3185	0.2135
35.4	0.281	0.2415
35.45	0.2505	0.2725
35.5	0.217	0.2965
35.55	0.193	0.317
35.6	0.173	0.333
35.65	0.1605	0.3455
35.7	0.153	0.3455
35.75	0.1535	0.346
35.8	0.1595	0.3365
35.85	0.172	0.324
35.9	0.1845	0.3025
35.95	0.207	0.286
36	0.2315	0.2585
36.05	0.267	0.2325
36.1	0.2985	0.1975
36.15	0.3345	0.1645
36.2	0.37	0.1295
36.25	0.41	0.099
36.3	0.448	0.066
36.35	0.485	0.0405
36.4	0.5135	0.0115
36.45	0.541	-0.009
36.5	0.559	-0.029
36.55	0.575	-0.0385
36.6	0.584	-0.046
36.65	0.59	-0.0455
36.7	0.584	-0.043
36.75	0.5755	-0.031
36.8	0.563	-0.015
36.85	0.5435	0.0085
36.9	0.516	0.033
36.95	0.4895	0.065
37	0.4565	0.095
37.05	0.4215	0.128
37.1	0.3845	0.1605
37.15	0.3485	0.1945
37.2	0.3075	0.225
37.25	0.276	0.2555
37.3	0.241	0.2805
37.35	0.2155	0.3075
37.4	0.1935	0.326
37.45	0.174	0.3385
37.5	0.1595	0.3455
37.55	0.1555	0.348
37.6	0.1545	0.342
37.65	0.1625	0.3355
37.7	0.172	0.3195
37.75	0.1925	0.3015
37.8	0.2155	0.279
37.85	0.2415	0.249
37.9	0.2715	0.216
37.95	0.308	0.1845
38	0.341	0.1535
38.05	0.3785	0.121
38.1	0.413	0.0865
38.15	0.4505	0.0565
38.2	0.4835	0.0265
38.25	0.5145	0.0055
38.3	0.5395	-0.014
38.35	0.562	-0.028
38.4	0.5755	-0.0435
38.45	0.588	-0.0445
38.5	0.589	-0.044
38.55	0.5875	-0.0335
38.6	0.575	-0.0205
38.65	0.561	-0.0015
38.7	0.54	0.018
38.75	0.5115	0.044
38.8	0.478	0.0715
38.85	0.4485	0.1035
38.9	0.412	0.135
38.95	0.3735	0.1715
39	0.335	0.2055
39.05	0.3035	0.237
39.1	0.2715	0.2655
39.15	0.242	0.2935
39.2	0.2145	0.3135
39.25	0.1915	0.3315
39.3	0.1735	0.3415
39.35	0.1625	0.3505
39.4	0.156	0.347
39.45	0.1595	0.342
39.5	0.1645	0.3285
39.55	0.179	0.3165
39.6	0.1975	0.2935
39.65	0.221	0.27
39.7	0.247	0.239
39.75	0.2785	0.2085
39.8	0.313	0.1725
39.85	0.351	0.139
39.9	0.3865	0.106
39.95	0.426	0.072
40	0.461	0.0425
40.05	0.492	0.018
40.1	0.5175	-0.006
40.15	0.544	-0.023
40.2	0.56	-0.0365
40.25	0.576	-0.0415
40.3	0.581	-0.0425
40.35	0.586	-0.0425
40.4	0.5825	-0.0335
40.45	0.5735	-0.0175
40.5	0.5555	0.0005
40.55	0.534	0.0265
40.6	0.5055	0.0515
40.65	0.4745	0.0845
40.7	0.4415	0.1145
40.75	0.407	0.1475
40.8	0.3715	0.1815
40.85	0.334	0.215
40.9	0.2985	0.248
40.95	0.2675	0.275
41	0.2375	0.2985
41.05	0.212	0.32
41.1	0.189	0.334
41.15	0.1725	0.345
41.2	0.1645	0.3465
41.25	0.162	0.347
41.3	0.1625	0.3395
41.35	0.1715	0.3295
41.4	0.1835	0.3115
41.45	0.2045	0.287
41.5	0.2275	0.259
41.55	0.2595	0.231
41.6	0.29	0.199
41.65	0.3245	0.1665
41.7	0.3605	0.128
41.75	0.3955	0.099
41.8	0.431	0.063
41.85	0.4635	0.0335
41.9	0.4955	0.01
41.95	0.522	-0.0135
42	0.542	-0.03
42.05	0.5595	-0.041
42.1	0.572	-0.0505
42.15	0.58	-0.0495
42.2	0.581	-0.0495
42.25	0.5755	-0.0335
42.3	0.564	-0.0155
42.35	0.546	0.008
42.4	0.525	0.0345
42.45	0.4995	0.066
42.5	0.4685	0.095
42.55	0.4355	0.1255
42.6	0.3995	0.1585
42.65	0.3645	0.1925
42.7	0.328	0.2295
42.75	0.2925	0.2645
42.8	0.262	0.2895
42.85	0.2325	0.3115
42.9	0.207	0.328
42.95	0.1875	0.3445
43	0.1725	0.3525
43.05	0.166	0.3555
43.1	0.163	0.3515
43.15	0.1685	0.342
43.2	0.177	0.3265
43.25	0.192	0.309
43.3	0.211	0.282
43.35	0.2355	0.2515
43.4	0.263	0.2185
43.45	0.294	0.1865
43.5	0.328	0.1535
43.55	0.3665	0.119
43.6	0.403	0.086
43.65	0.4365	0.0555
43.7	0.4685	0.027
43.75	0.4995	-0.003
43.8	0.5265	-0.0245
43.85	0.548	-0.037
43.9	0.5625	-0.048
43.95	0.5725	-0.0505
44	0.581	-0.0505
44.05	0.5775	-0.0445
44.1	0.5685	-0.0325
44.15	0.555	-0.016
44.2	0.5385	0.0105
44.25	0.516	0.0395
44.3	0.488	0.07
44.35	0.4555	0.101
44.4	0.4235	0.136
44.45	0.39	0.1715
44.5	0.355	0.205
44.55	0.3185	0.2385
44.6	0.286	0.2675
44.65	0.256	0.299
44.7	0.229	0.321
44.75	0.2055	0.3385
44.8	0.187	0.3495
44.85	0.173	0.3545
44.9	0.1655	0.3545
44.95	0.1635	0.3515
45	0.1705	0.3405
45.05	0.1785	0.3235
45.1	0.197	0.3015
45.15	0.2195	0.276
45.2	0.2465	0.247
45.25	0.2755	0.212
45.3	0.3075	0.177
45.35	0.341	0.1435
45.4	0.3775	0.1095
45.45	0.413	0.073
45.5	0.448	0.0445
45.55	0.4795	0.016
45.6	0.5085	-0.0085
45.65	0.531	-0.0285
45.7	0.549	-0.0445
45.75	0.564	-0.0535
45.8	0.5715	-0.055
45.85	0.574	-0.053
45.9	0.5715	-0.0445
45.95	0.562	-0.0305
46	0.5485	-0.01
46.05	0.529	0.0135
46.1	0.506	0.042
46.15	0.4775	0.076
46.2	0.4455	0.1095
46.25	0.412	0.1455
46.3	0.3785	0.18
46.35	0.3435	0.2135
46.4	0.311	0.2455
46.45	0.2795	0.276
46.5	0.2525	0.302
46.55	0.2245	0.325
46.6	0.204	0.342
46.65	0.1855	0.353
46.7	0.175	0.3595
46.75	0.1675	0.3575
46.8	0.17	0.3525
46.85	0.1755	0.34
46.9	0.1905	0.3245
46.95	0.2055	0.301
47	0.225	0.272
47.05	0.2505	0.239
47.1	0.2805	0.2035
47.15	0.3145	0.167
47.2	0.3505	0.135
47.25	0.385	0.1
47.3	0.42	0.065
47.35	0.4495	0.0345
47.4	0.4825	0.0095
47.45	0.51	-0.0165
47.5	0.5335	-0.0355
47.55	0.5505	-0.0515
47.6	0.5635	-0.059
47.65	0.57	-0.0605
47.7	0.575	-0.0535
47.75	0.569	-0.042
47.8	0.5615	-0.023
47.85	0.543	-0.003
47.9	0.5235	0.025
47.95	0.4965	0.0515
48	0.4695	0.085
48.05	0.436	0.1185
48.1	0.405	0.1545
48.15	0.3705	0.19
48.2	0.338	0.223
48.25	0.303	0.253
48.3	0.273	0.284
48.35	0.2425	0.3105
48.4	0.2195	0.3315
48.45	0.198	0.348
48.5	0.1825	0.3585
48.55	0.174	0.363
48.6	0.172	0.3635
48.65	0.173	0.357
48.7	0.1815	0.342
48.75	0.194	0.321
48.8	0.2155	0.295
48.85	0.2355	0.266
48.9	0.2625	0.235
48.95	0.292	0.1965
49	0.3275	0.163
49.05	0.3605	0.1265
49.1	0.393	0.093
49.15	0.4245	0.056
49.2	0.4605	0.0305
49.25	0.4895	-0.001
49.3	0.5165	-0.0235
49.35	0.5345	-0.0425
49.4	0.5525	-0.0495
49.45	0.5655	-0.06
49.5	0.57	-0.0585
49.55	0.5695	-0.054
49.6	0.5635	-0.0415
49.65	0.5515	-0.028
49.7	0.536	-0.004
49.75	0.5125	0.0235
49.8	0.4895	0.0545
49.85	0.459	0.086
49.9	0.4285	0.1235
49.95	0.391	0.1585
50	0.3605	0.1965
50.05	0.3245	0.2295
50.1	0.293	0.263
50.15	0.2625	0.2935
50.2	0.238	0.317
50.25	0.2125	0.3395
50.3	0.1965	0.3555
50.35	0.1815	0.3615
50.4	0.1755	0.3685
50.45	0.1735	0.363
50.5	0.1785	0.3535
50.55	0.189	0.3375
50.6	0.2045	0.319
50.65	0.223	0.2925
50.7	0.2485	0.2595
50.75	0.2765	0.227
50.8	0.31	0.193
50.85	0.341	0.1535
50.9	0.373	0.12
50.95	0.4035	0.082
51	0.4375	0.052
51.05	0.468	0.0245
51.1	0.496	-0.002
51.15	0.5175	-0.0275
51.2	0.5405	-0.0425
51.25	0.5535	-0.0575
51.3	0.5625	-0.0615
51.35	0.563	-0.0645
51.4	0.562	-0.0545
51.45	0.556	-0.0405
51.5	0.542	-0.024
51.55	0.521	-0.0005
51.6	0.5005	0.0305
51.65	0.4735	0.063
51.7	0.4455	0.1
51.75	0.414	0.133
51.8	0.3835	0.1685
51.85	0.35	0.204
51.9	0.3185	0.241
51.95	0.2845	0.2715
52	0.2585	0.301
52.05	0.231	0.327
52.1	0.209	0.3465
52.15	0.1885	0.356
52.2	0.1815	0.368
52.25	0.176	0.3685
52.3	0.1785	0.3605
52.35	0.1815	0.348
52.4	0.193	0.3325
52.45	0.21	0.3105
52.5	0.2325	0.2845
52.55	0.2565	0.251
52.6	0.2855	0.22
52.65	0.314	0.1815
52.7	0.349	0.145
52.75	0.3815	0.1065
52.8	0.4165	0.0735
52.85	0.4475	0.041
52.9	0.4805	0.014
52.95	0.5035	-0.015
53	0.5245	-0.0325
53.05	0.5435	-0.0495
53.1	0.556	-0.059
53.15	0.5625	-0.0635
53.2	0.5645	-0.0595
53.25	0.5595	-0.0525
53.3	0.551	-0.0375
53.35	0.535	-0.0195
53.4	0.517	0.0055
53.45	0.4905	0.0335
53.5	0.464	0.07
53.55	0.43	0.1045
53.6	0.401	0.142
53.65	0.3705	0.1775
53.7	0.339	0.214
53.75	0.3055	0.2475
53.8	0.2765	0.279
53.85	0.247	0.3075
53.9	0.2245	0.3315
53.95	0.206	0.3485
54	0.1915	0.3605
54.05	0.1805	0.3635
54.1	0.179	0.3645
54.15	0.1815	0.3565
54.2	0.1895	0.3485
54.25	0.2015	0.3285
54.3	0.2195	0.3105
54.35	0.241	0.2805
54.4	0.2685	0.246
54.45	0.2975	0.2125
54.5	0.3325	0.1785
54.55	0.365	0.142
54.6	0.3985	0.105
54.65	0.4265	0.0665
54.7	0.458	0.036
54.75	0.4855	0.0055
54.8	0.512	-0.0185
54.85	0.53	-0.0395
54.9	0.5465	-0.055
54.95	0.5555	-0.064
55	0.56	-0.0635
55.05	0.559	-0.062
55.1	0.5555	-0.0505
55.15	0.5455	-0.037
55.2	0.5275	-0.0165
55.25	0.5065	0.009
55.3	0.483	0.039
55.35	0.456	0.0725
55.4	0.424	0.1095
55.45	0.3895	0.1455
55.5	0.36	0.1845
55.55	0.3245	0.219
55.6	0.2935	0.255
55.65	0.262	0.282
55.7	0.239	0.311
55.75	0.217	0.333
55.8	0.202	0.3515
55.85	0.1885	0.362
55.9	0.1825	0.3665
55.95	0.1795	0.365
56	0.184	0.361
56.05	0.1925	0.345
56.1	0.21	0.3265
56.15	0.227	0.3035
56.2	0.2495	0.2785
56.25	0.276	0.2445
56.3	0.3065	0.208
56.35	0.337	0.173
56.4	0.3725	0.1355
56.45	0.403	0.0985
56.5	0.4375	0.064
56.55	0.4665	0.0335
56.6	0.4965	0.005
56.65	0.519	-0.022
56.7	0.537	-0.0395
56.75	0.547	-0.053
56.8	0.558	-0.0595
56.85	0.5595	-0.062
56.9	0.559	-0.0575
56.95	0.5515	-0.051
57	0.538	-0.032
57.05	0.519	-0.011
57.1	0.499	0.015
57.15	0.474	0.0465
57.2	0.4445	0.0805
57.25	0.4105	0.115
57.3	0.378	0.1525
57.35	0.343	0.189
57.4	0.313	0.2265
57.45	0.281	0.2585
57.5	0.253	0.29
57.55	0.2305	0.3145
57.6	0.209	0.3395
57.65	0.1925	0.353
57.7	0.1845	0.363
57.75	0.1775	0.3705
57.8	0.1805	0.3695
57.85	0.186	0.3575
57.9	0.197	0.3435
57.95	0.2125	0.323
58	0.237	0.2965
58.05	0.261	0.2665
58.1	0.2905	0.235
58.15	0.3185	0.199
58.2	0.3545	0.1655
58.25	0.386	0.1265
58.3	0.419	0.089
58.35	0.45	0.0555
58.4	0.4805	0.027
58.45	0.5055	-0.0035
58.5	0.5275	-0.0265
58.55	0.5415	-0.047
58.6	0.553	-0.055
58.65	0.558	-0.0645
58.7	0.5615	-0.0645
58.75	0.5555	-0.06
58.8	0.5455	-0.0465
58.85	0.529	-0.029
58.9	0.511	-0.0075
58.95	0.487	0.019
59	0.4615	0.0505
59.05	0.43	0.083
59.1	0.4005	0.123
59.15	0.3665	0.1585
59.2	0.3335	0.192
59.25	0.299	0.2275
59.3	0.2695	0.2625
59.35	0.243	0.292
59.4	0.222	0.319
59.45	0.2	0.3385
59.5	0.1885	0.353
59.55	0.178	0.3605
59.6	0.1775	0.367
59.65	0.181	0.3635
59.7	0.191	0.357
59.75	0.2005	0.341
59.8	0.2195	0.319
59.85	0.2395	0.289
59.9	0.268	0.262
59.95	0.296	0.2285
60	0.3285	0.1955
60.05	0.366	0.158
60.1	0.4	0.1195
60.15	0.4305	0.084
60.2	0.462	0.0535
60.25	0.4875	0.021
60.3	0.5115	-0.004
60.35	0.531	-0.0295
60.4	0.547	-0.0495
60.45	0.5575	-0.063
60.5	0.5655	-0.064
60.55	0.562	-0.0635
60.6	0.556	-0.055
60.65	0.542	-0.043
60.7	0.528	-0.023
60.75	0.5055	-0.0005
60.8	0.481	0.0285
60.85	0.4475	0.0575
60.9	0.417	0.0965
60.95	0.385	0.13
61	0.3545	0.1665
61.05	0.321	0.2035
61.1	0.2925	0.238
61.15	0.2625	0.269
61.2	0.237	0.296
61.25	0.213	0.322
61.3	0.196	0.343
61.35	0.182	0.356
61.4	0.176	0.3655
61.45	0.173	0.366
61.5	0.183	0.3615
61.55	0.1945	0.3495
61.6	0.2085	0.336
61.65	0.226	0.312
61.7	0.2495	0.286
61.75	0.276	0.253
61.8	0.3085	0.221
61.85	0.341	0.185
61.9	0.3745	0.1515
61.95	0.407	0.1125
62	0.4425	0.0795
62.05	0.4725	0.046
62.1	0.4995	0.0135
62.15	0.522	-0.0135
62.2	0.541	-0.0315
62.25	0.552	-0.05
62.3	0.562	-0.056
62.35	0.565	-0.0615
62.4	0.566	-0.0575
62.45	0.5555	-0.052
62.5	0.5415	-0.0375
62.55	0.52	-0.0175
62.6	0.497	0.009
62.65	0.47	0.037
62.7	0.4415	0.069
62.75	0.4085	0.1035
62.8	0.377	0.141
62.85	0.3425	0.176
62.9	0.3105	0.21
62.95	0.2775	0.2425
63	0.2485	0.2745
63.05	0.2235	0.297
63.1	0.2075	0.322
63.15	0.1895	0.3405
63.2	0.178	0.3545
63.25	0.1705	0.36
63.3	0.1745	0.362
63.35	0.1805	0.3555
63.4	0.192	0.346
63.45	0.208	0.3295
63.5	0.233	0.3045
63.55	0.2575	0.2745
63.6	0.289	0.2455
63.65	0.3185	0.2125
63.7	0.351	0.182
63.75	0.383	0.144
63.8	0.419	0.1095
63.85	0.452	0.0715
63.9	0.4835	0.039
63.95	0.5075	0.0095
64	0.53	-0.013
64.05	0.547	-0.034
64.1	0.5595	-0.047
64.15	0.564	-0.055
64.2	0.5645	-0.056
64.25	0.56	-0.0565
64.3	0.5525	-0.0475
64.35	0.536	-0.027
64.4	0.5175	-0.0055
64.45	0.491	0.0155
64.5	0.4655	0.047
64.55	0.431	0.0775
64.6	0.399	0.111
64.65	0.366	0.1455
64.7	0.334	0.1835
64.75	0.3	0.2165
64.8	0.2695	0.2525
64.85	0.239	0.2805
64.9	0.2155	0.3075
64.95	0.1975	0.3255
65	0.1835	0.342
65.05	0.175	0.353
65.1	0.174	0.359
65.15	0.1755	0.359
65.2	0.1825	0.353
65.25	0.197	0.3395
65.3	0.217	0.322
65.35	0.2395	0.299
65.4	0.2665	0.27
65.45	0.297	0.2405
65.5	0.329	0.205
65.55	0.3625	0.168
65.6	0.398	0.1325
65.65	0.4305	0.0995
65.7	0.464	0.069
65.75	0.49	0.0365
65.8	0.518	0.0085
65.85	0.5405	-0.014
65.9	0.555	-0.0325
65.95	0.567	-0.0475
66	0.575	-0.0535
66.05	0.5725	-0.056
66.1	0.566	-0.0525
66.15	0.5515	-0.0415
66.2	0.534	-0.0225
66.25	0.5115	-0.0025
66.3	0.486	0.0255
66.35	0.458	0.0535
66.4	0.429	0.0865
66.45	0.394	0.1195
66.5	0.3595	0.1575
66.55	0.3235	0.1895
66.6	0.2935	0.222
66.65	0.2605	0.255
66.7	0.234	0.285
66.75	0.211	0.31
66.8	0.193	0.3285
66.85	0.1775	0.343
66.9	0.1715	0.354
66.95	0.169	0.356
67	0.173	0.354
67.05	0.18	0.345
67.1	0.196	0.33
67.15	0.2155	0.3125
67.2	0.242	0.286
67.25	0.2705	0.2585
67.3	0.305	0.227
67.35	0.3375	0.195
67.4	0.3735	0.162
67.45	0.4075	0.1255
67.5	0.4405	0.094
67.55	0.474	0.0615
67.6	0.5035	0.0335
67.65	0.528	0.0045
67.7	0.5495	-0.016
67.75	0.564	-0.035
67.8	0.574	-0.0475
67.85	0.5755	-0.0555
67.9	0.5755	-0.0515
67.95	0.5655	-0.0445
68	0.554	-0.031
68.05	0.5335	-0.0155
68.1	0.509	0.0025
68.15	0.4815	0.0305
68.2	0.4515	0.06
68.25	0.4165	0.093
68.3	0.3835	0.1275
68.35	0.346	0.1595
68.4	0.3135	0.198
68.45	0.2815	0.229
68.5	0.251	0.2575
68.55	0.223	0.2885
68.6	0.2025	0.3125
68.65	0.183	0.3305
68.7	0.173	0.3465
68.75	0.1665	0.354
68.8	0.168	0.3565
68.85	0.1735	0.3505
68.9	0.186	0.3415
68.95	0.205	0.326
69	0.225	0.305
69.05	0.247	0.277
69.1	0.278	0.2495
69.15	0.3105	0.217
69.2	0.3465	0.1845
69.25	0.3825	0.152
69.3	0.419	0.1185
69.35	0.451	0.0855
69.4	0.4805	0.054
69.45	0.5075	0.0225
69.5	0.53	-0.0015
69.55	0.5505	-0.018
69.6	0.5655	-0.0345
69.65	0.572	-0.046
69.7	0.5745	-0.0505
69.75	0.571	-0.0485
69.8	0.568	-0.0395
69.85	0.5495	-0.023
69.9	0.5285	-0.0045
69.95	0.5005	0.016
70	0.472	0.041
70.05	0.4395	0.073
70.1	0.408	0.1075
70.15	0.3735	0.14
70.2	0.337	0.1745
70.25	0.301	0.207
70.3	0.271	0.24
70.35	0.2395	0.2695
70.4	0.215	0.2945
70.45	0.191	0.3135
70.5	0.1745	0.329
70.55	0.166	0.342
70.6	0.1635	0.3475
70.65	0.1665	0.3495
70.7	0.172	0.344
70.75	0.1845	0.33
70.8	0.2025	0.314
70.85	0.228	0.293
70.9	0.255	0.267
70.95	0.2845	0.2385
71	0.319	0.2065
71.05	0.355	0.175
71.1	0.393	0.1415
71.15	0.427	0.1075
71.2	0.4615	0.074
71.25	0.4885	0.0445
71.3	0.516	0.0205
71.35	0.5365	-0.0025
71.4	0.556	-0.0215
71.45	0.572	-0.035
71.5	0.578	-0.0435
71.55	0.577	-0.0455
71.6	0.5725	-0.0405
71.65	0.561	-0.0315
71.7	0.546	-0.0165
71.75	0.525	0.001
71.8	0.499	0.0255
71.85	0.468	0.054
71.9	0.4355	0.0845
71.95	0.3995	0.117
72	0.364	0.15
72.05	0.328	0.1825
72.1	0.293	0.2155
72.15	0.26	0.246
72.2	0.2345	0.273
72.25	0.2085	0.298
