MIN=0	-1	-1
MAX=80	1	1
SCALE=80	0.5	0.5
DEC=2	3	3
DEF="Zeit" t / s	"Spannung" U_A1 / V	"Spannung" U_B1 / V
0	0.3425	0.153
0.05	0.393	0.1035
0.1	0.441	0.053
0.15	0.487	0.0105
0.2	0.522	-0.0215
0.25	0.5525	-0.0445
0.3	0.5715	-0.064
0.35	0.587	-0.0685
0.4	0.5915	-0.0695
0.45	0.586	-0.0585
0.5	0.569	-0.0375
0.55	0.5465	-0.005
0.6	0.51	0.0315
0.65	0.471	0.0765
0.7	0.4235	0.1255
0.75	0.3745	0.1785
0.8	0.3225	0.23
0.85	0.2715	0.2845
0.9	0.219	0.3375
0.95	0.1725	0.3845
1	0.124	0.4285
1.05	0.0865	0.466
1.1	0.054	0.494
1.15	0.03	0.517
1.2	0.013	0.5245
1.25	0.0095	0.529
1.3	0.011	0.5175
1.35	0.025	0.5025
1.4	0.0465	0.472
1.45	0.0785	0.4395
1.5	0.1135	0.398
1.55	0.157	0.353
1.6	0.2025	0.2995
1.65	0.2565	0.2465
1.7	0.306	0.191
1.75	0.3595	0.141
1.8	0.4085	0.088
1.85	0.4565	0.0445
1.9	0.495	0.002
1.95	0.53	-0.03
2	0.5575	-0.055
2.05	0.577	-0.0665
2.1	0.585	-0.074
2.15	0.587	-0.0675
2.2	0.5735	-0.0565
2.25	0.555	-0.029
2.3	0.529	0.001
2.35	0.497	0.041
2.4	0.4565	0.085
2.45	0.413	0.1385
2.5	0.3575	0.19
2.55	0.308	0.244
2.6	0.2525	0.2985
2.65	0.203	0.352
2.7	0.159	0.398
2.75	0.117	0.4415
2.8	0.0805	0.4765
2.85	0.0525	0.5045
2.9	0.0255	0.5215
2.95	0.0155	0.531
3	0.0095	0.529
3.05	0.0165	0.5195
3.1	0.0325	0.4965
3.15	0.059	0.468
3.2	0.0885	0.4315
3.25	0.1285	0.3885
3.3	0.1725	0.3365
3.35	0.2205	0.287
3.4	0.271	0.2315
3.45	0.3235	0.179
3.5	0.3745	0.1235
3.55	0.428	0.0785
3.6	0.468	0.0345
3.65	0.5075	-0.0045
3.7	0.54	-0.0395
3.75	0.5665	-0.06
3.8	0.5825	-0.076
3.85	0.5885	-0.073
3.9	0.584	-0.0655
3.95	0.572	-0.047
4	0.547	-0.024
4.05	0.518	0.013
4.1	0.4795	0.049
4.15	0.4375	0.0975
4.2	0.387	0.1485
4.25	0.3375	0.205
4.3	0.285	0.256
4.35	0.234	0.3135
4.4	0.184	0.3605
4.45	0.141	0.4095
4.5	0.0985	0.447
4.55	0.0665	0.482
4.6	0.0385	0.5045
4.65	0.022	0.5235
4.7	0.0135	0.5305
4.75	0.0135	0.5295
4.8	0.021	0.5125
4.85	0.043	0.491
4.9	0.07	0.458
4.95	0.1035	0.4215
5	0.142	0.378
5.05	0.1875	0.3275
5.1	0.238	0.275
5.15	0.2915	0.2205
5.2	0.345	0.1655
5.25	0.3985	0.1145
5.3	0.4465	0.0655
5.35	0.4865	0.0235
5.4	0.5235	-0.0135
5.45	0.554	-0.039
5.5	0.575	-0.0605
5.55	0.587	-0.069
5.6	0.5865	-0.0715
5.65	0.582	-0.061
5.7	0.5645	-0.041
5.75	0.5385	-0.011
5.8	0.5055	0.0255
5.85	0.464	0.0665
5.9	0.4185	0.114
5.95	0.37	0.165
6	0.3205	0.218
6.05	0.266	0.2735
6.1	0.2135	0.325
6.15	0.167	0.3745
6.2	0.1245	0.419
6.25	0.0875	0.4565
6.3	0.0545	0.4855
6.35	0.032	0.5095
6.4	0.015	0.5225
6.45	0.01	0.5285
6.5	0.012	0.52
6.55	0.027	0.5045
6.6	0.0475	0.4805
6.65	0.08	0.448
6.7	0.1165	0.408
6.75	0.162	0.3595
6.8	0.211	0.31
6.85	0.262	0.2555
6.9	0.312	0.2055
6.95	0.362	0.1535
7	0.4105	0.0995
7.05	0.4575	0.051
7.1	0.5025	0.014
7.15	0.534	-0.0175
7.2	0.562	-0.046
7.25	0.579	-0.061
7.3	0.589	-0.0675
7.35	0.5865	-0.0635
7.4	0.5755	-0.051
7.45	0.554	-0.0305
7.5	0.527	0
7.55	0.4945	0.036
7.6	0.4535	0.0815
7.65	0.404	0.1285
7.7	0.352	0.1775
7.75	0.2975	0.2275
7.8	0.2475	0.283
7.85	0.1965	0.3375
7.9	0.151	0.3835
7.95	0.105	0.425
8	0.0675	0.4635
8.05	0.0405	0.4905
8.1	0.0185	0.51
8.15	0.006	0.52
8.2	0.006	0.5215
8.25	0.012	0.509
8.3	0.0325	0.4945
8.35	0.054	0.463
8.4	0.088	0.4325
8.45	0.1285	0.391
8.5	0.1745	0.347
8.55	0.2245	0.294
8.6	0.276	0.2445
8.65	0.327	0.192
8.7	0.383	0.1425
8.75	0.4305	0.093
8.8	0.477	0.047
8.85	0.5145	0.0065
8.9	0.548	-0.0205
8.95	0.573	-0.046
9	0.588	-0.059
9.05	0.5935	-0.064
9.1	0.591	-0.0565
9.15	0.576	-0.043
9.2	0.554	-0.02
9.25	0.522	0.008
9.3	0.4845	0.049
9.35	0.4405	0.096
9.4	0.3925	0.145
9.45	0.338	0.1945
9.5	0.2875	0.2495
9.55	0.2325	0.2975
9.6	0.184	0.3505
9.65	0.134	0.394
9.7	0.094	0.4385
9.75	0.0575	0.4665
9.8	0.0305	0.494
9.85	0.011	0.5085
9.9	0.004	0.5195
9.95	0.0055	0.514
10	0.0165	0.5055
10.05	0.036	0.4815
10.1	0.0645	0.4545
10.15	0.0975	0.4205
10.2	0.141	0.3795
10.25	0.186	0.3285
10.3	0.238	0.2795
10.35	0.2905	0.226
10.4	0.346	0.1765
10.45	0.395	0.1245
10.5	0.446	0.0775
10.55	0.487	0.033
10.6	0.5265	0
10.65	0.555	-0.03
10.7	0.581	-0.049
10.75	0.591	-0.06
10.8	0.5945	-0.055
10.85	0.586	-0.0505
10.9	0.5735	-0.0315
10.95	0.5475	-0.0095
11	0.5155	0.027
11.05	0.4735	0.068
11.1	0.4285	0.1155
11.15	0.3775	0.162
11.2	0.3275	0.2185
11.25	0.273	0.2695
11.3	0.22	0.3185
11.35	0.1665	0.3625
11.4	0.1235	0.4095
11.45	0.0825	0.4475
11.5	0.049	0.479
11.55	0.0215	0.502
11.6	0.0055	0.512
11.65	-0.005	0.5125
11.7	0.001	0.511
11.75	0.013	0.495
11.8	0.036	0.4715
11.85	0.064	0.4365
11.9	0.104	0.4005
11.95	0.1485	0.3545
12	0.199	0.31
12.05	0.25	0.2595
12.1	0.3055	0.21
12.15	0.356	0.1565
12.2	0.4075	0.108
12.25	0.4545	0.061
12.3	0.5005	0.0235
12.35	0.5355	-0.0115
12.4	0.5645	-0.034
12.45	0.585	-0.0495
12.5	0.5985	-0.056
12.55	0.597	-0.0565
12.6	0.5905	-0.042
12.65	0.57	-0.0225
12.7	0.5425	0.009
12.75	0.508	0.041
12.8	0.4655	0.0825
12.85	0.416	0.129
12.9	0.365	0.1835
12.95	0.31	0.231
13	0.26	0.283
13.05	0.2065	0.3345
13.1	0.159	0.3815
13.15	0.11	0.4195
13.2	0.074	0.4545
13.25	0.041	0.4805
13.3	0.0205	0.502
13.35	0.004	0.5115
13.4	-0.001	0.5145
13.45	0.0035	0.5045
13.5	0.02	0.4855
13.55	0.0445	0.456
13.6	0.077	0.424
13.65	0.116	0.3845
13.7	0.16	0.3385
13.75	0.21	0.2895
13.8	0.264	0.239
13.85	0.3165	0.1875
13.9	0.371	0.1385
13.95	0.4225	0.088
14	0.4715	0.0475
14.05	0.5125	0.0065
14.1	0.5475	-0.023
14.15	0.574	-0.045
14.2	0.5905	-0.054
14.25	0.595	-0.06
14.3	0.598	-0.054
14.35	0.5855	-0.0385
14.4	0.5625	-0.0145
14.45	0.534	0.0175
14.5	0.5005	0.0575
14.55	0.4545	0.1015
14.6	0.4055	0.1535
14.65	0.3555	0.204
14.7	0.3035	0.2545
14.75	0.248	0.305
14.8	0.1965	0.352
14.85	0.1505	0.395
14.9	0.106	0.4365
14.95	0.0695	0.468
15	0.0415	0.493
15.05	0.0185	0.5065
15.1	0.004	0.516
15.15	0.001	0.511
15.2	0.0085	0.5
15.25	0.0255	0.4765
15.3	0.0515	0.4475
15.35	0.085	0.4095
15.4	0.1285	0.3685
15.45	0.173	0.321
15.5	0.224	0.271
15.55	0.275	0.218
15.6	0.33	0.1685
15.65	0.3835	0.119
15.7	0.432	0.0725
15.75	0.478	0.034
15.8	0.516	-0.0005
15.85	0.548	-0.0275
15.9	0.571	-0.0505
15.95	0.5865	-0.06
16	0.5925	-0.0585
16.05	0.591	-0.0485
16.1	0.578	-0.03
16.15	0.5545	-0.0025
16.2	0.523	0.0305
16.25	0.4815	0.0695
16.3	0.436	0.1155
16.35	0.388	0.167
16.4	0.3375	0.222
16.45	0.2855	0.275
16.5	0.2305	0.3235
16.55	0.1815	0.3695
16.6	0.136	0.411
16.65	0.097	0.449
16.7	0.064	0.4745
16.75	0.036	0.4985
16.8	0.016	0.514
16.85	0.007	0.5175
16.9	0.0055	0.5105
16.95	0.018	0.4975
17	0.036	0.4745
17.05	0.067	0.438
17.1	0.1	0.3975
17.15	0.145	0.3575
17.2	0.189	0.3065
17.25	0.242	0.2555
17.3	0.2915	0.201
17.35	0.348	0.1525
17.4	0.396	0.1035
17.45	0.446	0.0585
17.5	0.4875	0.018
17.55	0.527	-0.012
17.6	0.553	-0.0385
17.65	0.5765	-0.055
17.7	0.586	-0.0625
17.75	0.59	-0.058
17.8	0.5795	-0.0455
17.85	0.5665	-0.022
17.9	0.5435	0.0025
17.95	0.511	0.039
18	0.4705	0.082
18.05	0.424	0.1315
18.1	0.375	0.1815
18.15	0.3235	0.238
18.2	0.2705	0.288
18.25	0.218	0.338
18.3	0.1685	0.3865
18.35	0.127	0.429
18.4	0.0875	0.464
18.45	0.0555	0.4935
18.5	0.0325	0.5105
18.55	0.018	0.5205
18.6	0.0115	0.5155
18.65	0.0165	0.5125
18.7	0.028	0.493
18.75	0.0495	0.466
18.8	0.076	0.431
18.85	0.114	0.3905
18.9	0.156	0.342
18.95	0.2075	0.292
19	0.2575	0.239
19.05	0.31	0.1875
19.1	0.3615	0.1345
19.15	0.4125	0.0885
19.2	0.4555	0.0415
19.25	0.4975	0.0025
19.3	0.528	-0.0295
19.35	0.5545	-0.051
19.4	0.572	-0.0645
19.45	0.5825	-0.0645
19.5	0.5815	-0.0595
19.55	0.5745	-0.0455
19.6	0.558	-0.022
19.65	0.533	0.0105
19.7	0.4925	0.0485
19.75	0.454	0.0945
19.8	0.408	0.146
19.85	0.358	0.199
19.9	0.3055	0.251
19.95	0.258	0.307
20	0.2055	0.3545
20.05	0.1585	0.401
20.1	0.116	0.4405
20.15	0.0815	0.4755
20.2	0.0495	0.498
20.25	0.029	0.5185
20.3	0.014	0.522
20.35	0.016	0.523
20.4	0.0195	0.506
20.45	0.0365	0.4865
20.5	0.0575	0.456
20.55	0.0925	0.421
20.6	0.1305	0.375
20.65	0.1775	0.332
20.7	0.224	0.277
20.75	0.2745	0.227
20.8	0.3255	0.1685
20.85	0.378	0.121
20.9	0.422	0.072
20.95	0.471	0.0325
21	0.5065	-0.005
21.05	0.5395	-0.0295
21.1	0.562	-0.053
21.15	0.579	-0.064
21.2	0.5835	-0.0675
21.25	0.5825	-0.054
21.3	0.5675	-0.041
21.35	0.546	-0.0135
21.4	0.5155	0.018
21.45	0.482	0.0615
21.5	0.4365	0.1045
21.55	0.3895	0.1555
21.6	0.3365	0.2075
21.65	0.287	0.263
21.7	0.2365	0.3115
21.75	0.19	0.3625
21.8	0.1425	0.4075
21.85	0.104	0.449
21.9	0.0695	0.4805
21.95	0.046	0.505
22	0.027	0.517
22.05	0.0175	0.524
22.1	0.015	0.518
22.15	0.0275	0.509
22.2	0.0465	0.4815
22.25	0.078	0.4525
22.3	0.11	0.4125
22.35	0.1515	0.37
22.4	0.195	0.3185
22.45	0.2435	0.268
22.5	0.291	0.213
22.55	0.3425	0.1635
22.6	0.3935	0.1115
22.65	0.4405	0.067
22.7	0.4815	0.0245
22.75	0.518	-0.009
22.8	0.545	-0.0375
22.85	0.569	-0.054
22.9	0.5795	-0.065
22.95	0.5845	-0.063
23	0.576	-0.0555
23.05	0.563	-0.0345
23.1	0.5365	-0.008
23.15	0.504	0.0285
23.2	0.4635	0.07
23.25	0.4195	0.1185
23.3	0.369	0.1675
23.35	0.3205	0.2215
23.4	0.2685	0.273
23.45	0.2185	0.325
23.5	0.1685	0.3735
23.55	0.127	0.419
23.6	0.0895	0.4535
23.65	0.0625	0.484
23.7	0.0395	0.5055
23.75	0.0245	0.518
23.8	0.018	0.521
23.85	0.0235	0.5165
23.9	0.034	0.4975
23.95	0.056	0.4785
24	0.0855	0.444
24.05	0.124	0.404
24.1	0.166	0.3555
24.15	0.2155	0.3085
24.2	0.2605	0.2565
24.25	0.315	0.2035
24.3	0.3635	0.15
24.35	0.4135	0.102
24.4	0.459	0.052
24.45	0.498	0.016
24.5	0.5295	-0.016
24.55	0.556	-0.0395
24.6	0.573	-0.055
24.65	0.58	-0.0605
24.7	0.58	-0.062
24.75	0.5685	-0.047
24.8	0.55	-0.0265
24.85	0.5225	0.0045
24.9	0.4875	0.0395
24.95	0.4485	0.083
25	0.4045	0.1295
25.05	0.355	0.182
25.1	0.3025	0.236
25.15	0.2515	0.2845
25.2	0.2015	0.335
25.25	0.154	0.387
25.3	0.1135	0.4285
25.35	0.076	0.4635
25.4	0.0485	0.489
25.45	0.029	0.509
25.5	0.019	0.518
25.55	0.018	0.5195
25.6	0.023	0.5075
25.65	0.038	0.4905
25.7	0.0645	0.464
25.75	0.0965	0.429
25.8	0.135	0.3935
25.85	0.1785	0.346
25.9	0.228	0.2955
25.95	0.279	0.244
26	0.3325	0.193
26.05	0.3825	0.141
26.1	0.4305	0.092
26.15	0.4735	0.049
26.2	0.5145	0.01
26.25	0.5425	-0.019
26.3	0.5645	-0.042
26.35	0.5805	-0.0575
26.4	0.5875	-0.0595
26.45	0.583	-0.0515
26.5	0.572	-0.036
26.55	0.5495	-0.018
26.6	0.516	0.0155
26.65	0.478	0.0505
26.7	0.4395	0.0985
26.75	0.39	0.147
26.8	0.3395	0.1985
26.85	0.2875	0.245
26.9	0.237	0.299
26.95	0.185	0.3475
27	0.1385	0.395
27.05	0.0965	0.436
27.1	0.064	0.469
27.15	0.036	0.495
27.2	0.0195	0.5085
27.25	0.0105	0.5145
27.3	0.0115	0.513
27.35	0.0215	0.4995
27.4	0.0435	0.481
27.45	0.0695	0.451
27.5	0.107	0.4175
27.55	0.1465	0.374
27.6	0.1945	0.3285
27.65	0.243	0.277
27.7	0.2945	0.224
27.75	0.3445	0.1745
27.8	0.3965	0.1255
27.85	0.445	0.081
27.9	0.4865	0.041
27.95	0.523	0.004
28	0.5545	-0.0205
28.05	0.5755	-0.0425
28.1	0.5875	-0.052
28.15	0.587	-0.055
28.2	0.582	-0.044
28.25	0.564	-0.0305
28.3	0.541	-0.0015
28.35	0.506	0.0295
28.4	0.4675	0.0715
28.45	0.419	0.1155
28.5	0.3715	0.1655
28.55	0.3205	0.2175
28.6	0.2685	0.267
28.65	0.2175	0.3165
28.7	0.169	0.366
28.75	0.124	0.4065
28.8	0.087	0.4465
28.85	0.054	0.474
28.9	0.032	0.4965
28.95	0.0115	0.5095
29	0.0085	0.517
29.05	0.0075	0.5075
29.1	0.022	0.4955
29.15	0.042	0.4705
29.2	0.0735	0.439
29.25	0.1115	0.3995
29.3	0.1575	0.3585
29.35	0.202	0.309
29.4	0.255	0.259
29.45	0.3075	0.206
29.5	0.364	0.157
29.55	0.412	0.106
29.6	0.461	0.064
29.65	0.5025	0.0245
29.7	0.54	-0.007
29.75	0.565	-0.0305
29.8	0.587	-0.042
29.85	0.596	-0.052
29.9	0.599	-0.0475
29.95	0.5855	-0.0375
30	0.5645	-0.0165
30.05	0.5305	0.0095
30.1	0.4985	0.0505
30.15	0.4585	0.087
30.2	0.413	0.136
30.25	0.362	0.182
30.3	0.3115	0.235
30.35	0.256	0.284
30.4	0.2035	0.333
30.45	0.154	0.376
30.5	0.1145	0.419
30.55	0.077	0.4505
30.6	0.0465	0.4775
30.65	0.023	0.496
30.7	0.0135	0.511
30.75	0.0075	0.5085
30.8	0.013	0.5
30.85	0.0235	0.4825
30.9	0.0505	0.4565
30.95	0.0795	0.422
31	0.119	0.386
31.05	0.165	0.3395
31.1	0.217	0.295
31.15	0.2655	0.2395
31.2	0.3215	0.19
31.25	0.375	0.1395
31.3	0.4255	0.0965
31.35	0.471	0.0525
31.4	0.5125	0.016
31.45	0.541	-0.014
31.5	0.569	-0.0325
31.55	0.5855	-0.0475
31.6	0.593	-0.0515
31.65	0.5915	-0.0465
31.7	0.581	-0.032
31.75	0.5585	-0.0115
31.8	0.5295	0.0225
31.85	0.4915	0.063
31.9	0.4485	0.1065
31.95	0.4005	0.1525
32	0.3525	0.204
32.05	0.298	0.2545
32.1	0.245	0.305
32.15	0.193	0.348
32.2	0.1455	0.394
32.25	0.103	0.4305
32.3	0.0685	0.465
32.35	0.0415	0.486
32.4	0.023	0.5005
32.45	0.009	0.5055
32.5	0.01	0.5055
32.55	0.0145	0.4895
32.6	0.0325	0.4715
32.65	0.0575	0.443
32.7	0.092	0.4085
32.75	0.134	0.365
32.8	0.1795	0.3195
32.85	0.231	0.2685
32.9	0.2845	0.2185
32.95	0.335	0.169
33	0.386	0.1205
33.05	0.4325	0.073
33.1	0.475	0.032
33.15	0.513	0
33.2	0.5465	-0.0265
33.25	0.5715	-0.046
33.3	0.586	-0.0515
33.35	0.59	-0.0495
33.4	0.585	-0.0425
33.45	0.572	-0.027
33.5	0.5515	-0.0015
33.55	0.52	0.034
33.6	0.483	0.0735
33.65	0.438	0.117
33.7	0.388	0.1655
33.75	0.3375	0.218
33.8	0.2845	0.2685
33.85	0.233	0.3185
33.9	0.1835	0.365
33.95	0.1385	0.4065
34	0.0975	0.446
34.05	0.064	0.4765
34.1	0.0365	0.497
34.15	0.021	0.508
34.2	0.01	0.5105
34.25	0.0115	0.5045
34.3	0.0225	0.488
34.35	0.0425	0.467
34.4	0.0695	0.433
34.45	0.105	0.3945
34.5	0.143	0.3535
34.55	0.1925	0.307
34.6	0.2435	0.2575
34.65	0.2955	0.2035
34.7	0.3475	0.152
34.75	0.399	0.106
34.8	0.444	0.0635
34.85	0.49	0.026
34.9	0.525	-0.007
34.95	0.555	-0.0305
35	0.574	-0.0475
35.05	0.5865	-0.0525
35.1	0.587	-0.0505
35.15	0.5815	-0.0395
35.2	0.563	-0.0195
35.25	0.5385	0.013
35.3	0.5055	0.0455
35.35	0.4675	0.0895
35.4	0.4215	0.1365
35.45	0.3735	0.1865
35.5	0.319	0.2385
35.55	0.2705	0.2885
35.6	0.22	0.3375
35.65	0.174	0.3825
35.7	0.1275	0.421
35.75	0.0925	0.4555
35.8	0.062	0.483
35.85	0.038	0.506
35.9	0.0225	0.5145
35.95	0.0145	0.515
36	0.018	0.504
36.05	0.0325	0.487
36.1	0.053	0.4565
36.15	0.083	0.4265
36.2	0.119	0.3845
36.25	0.161	0.3405
36.3	0.205	0.286
36.35	0.2575	0.2375
36.4	0.308	0.1835
36.45	0.362	0.1355
36.5	0.41	0.086
36.55	0.457	0.0435
36.6	0.4975	0.01
36.65	0.534	-0.0215
36.7	0.556	-0.045
36.75	0.573	-0.0565
36.8	0.579	-0.061
36.85	0.581	-0.054
36.9	0.5705	-0.0405
36.95	0.556	-0.015
37	0.527	0.0175
37.05	0.4915	0.058
37.1	0.4495	0.1
37.15	0.408	0.1515
37.2	0.356	0.204
37.25	0.308	0.2565
37.3	0.2535	0.304
37.35	0.205	0.3545
37.4	0.156	0.3985
37.45	0.119	0.44
37.5	0.082	0.4725
37.55	0.0515	0.496
37.6	0.0295	0.5115
37.65	0.0185	0.5185
37.7	0.0185	0.5125
37.75	0.027	0.5035
37.8	0.0435	0.4805
37.85	0.068	0.4525
37.9	0.096	0.417
37.95	0.1355	0.3775
38	0.1775	0.327
38.05	0.227	0.276
38.1	0.2725	0.2225
38.15	0.326	0.1715
38.2	0.3745	0.1185
38.25	0.423	0.0745
38.3	0.4665	0.0335
38.35	0.5055	0.001
38.4	0.534	-0.03
38.45	0.5585	-0.0465
38.5	0.5725	-0.0595
38.55	0.578	-0.0605
38.6	0.575	-0.0545
38.65	0.5625	-0.0345
38.7	0.54	-0.0125
38.75	0.5105	0.027
38.8	0.472	0.067
38.85	0.4345	0.114
38.9	0.3875	0.1615
38.95	0.3395	0.2185
39	0.2875	0.27
39.05	0.2385	0.3195
39.1	0.191	0.3665
39.15	0.1485	0.411
39.2	0.1045	0.4465
39.25	0.0725	0.476
39.3	0.0455	0.4975
39.35	0.03	0.516
39.4	0.0195	0.516
39.45	0.024	0.514
39.5	0.0285	0.499
39.55	0.0485	0.4785
39.6	0.0735	0.446
39.65	0.1095	0.41
39.7	0.1505	0.3645
39.75	0.196	0.3145
39.8	0.242	0.262
39.85	0.2935	0.2115
39.9	0.341	0.1595
39.95	0.3905	0.1125
40	0.4335	0.063
40.05	0.4765	0.026
40.1	0.513	-0.011
40.15	0.5455	-0.0345
40.2	0.5665	-0.055
40.25	0.5785	-0.058
40.3	0.579	-0.0605
40.35	0.5715	-0.048
40.4	0.553	-0.0285
40.45	0.53	-0.0005
40.5	0.4975	0.0325
40.55	0.4615	0.079
40.6	0.4155	0.124
40.65	0.3695	0.177
40.7	0.319	0.229
40.75	0.27	0.2835
40.8	0.22	0.3295
40.85	0.175	0.3765
40.9	0.132	0.4185
40.95	0.093	0.4545
41	0.0655	0.482
41.05	0.0425	0.5055
41.1	0.0275	0.5145
41.15	0.0245	0.5165
41.2	0.0285	0.5075
41.25	0.0425	0.4945
41.3	0.0625	0.4705
41.35	0.0915	0.439
41.4	0.124	0.3995
41.45	0.1665	0.354
41.5	0.214	0.302
41.55	0.2655	0.2525
41.6	0.3165	0.1975
41.65	0.367	0.148
41.7	0.4125	0.0985
41.75	0.4585	0.056
41.8	0.497	0.0155
41.85	0.527	-0.0135
41.9	0.5495	-0.0385
41.95	0.5665	-0.051
42	0.5755	-0.058
42.05	0.576	-0.057
42.1	0.5655	-0.0435
42.15	0.545	-0.02
42.2	0.515	0.008
42.25	0.4845	0.046
42.3	0.4435	0.0885
42.35	0.3975	0.136
42.4	0.3525	0.1865
42.45	0.3015	0.2415
42.5	0.2525	0.2905
42.55	0.2035	0.3405
42.6	0.159	0.3865
42.65	0.116	0.426
42.7	0.0815	0.4585
42.75	0.0545	0.488
42.8	0.034	0.503
42.85	0.0235	0.5105
42.9	0.0215	0.5115
42.95	0.028	0.506
43	0.045	0.4855
43.05	0.0685	0.46
43.1	0.103	0.428
43.15	0.141	0.387
43.2	0.1855	0.3375
43.25	0.233	0.2885
43.3	0.283	0.2385
43.35	0.332	0.1875
43.4	0.3825	0.1355
43.45	0.4285	0.088
43.5	0.472	0.0455
43.55	0.509	0.005
43.6	0.5395	-0.0215
43.65	0.5635	-0.045
43.7	0.5785	-0.054
43.75	0.582	-0.056
43.8	0.577	-0.0495
43.85	0.5635	-0.037
43.9	0.545	-0.012
43.95	0.513	0.0195
44	0.4755	0.0575
44.05	0.428	0.1015
44.1	0.3845	0.153
44.15	0.3345	0.202
44.2	0.286	0.254
44.25	0.233	0.302
44.3	0.1835	0.3505
44.35	0.138	0.3955
44.4	0.101	0.436
44.45	0.0655	0.4675
44.5	0.043	0.4925
44.55	0.028	0.5055
44.6	0.0205	0.513
44.65	0.0195	0.509
44.7	0.0315	0.498
44.75	0.051	0.4815
44.8	0.077	0.4525
44.85	0.108	0.415
44.9	0.151	0.376
44.95	0.198	0.324
45	0.247	0.278
45.05	0.297	0.2225
45.1	0.3475	0.176
45.15	0.3945	0.122
45.2	0.442	0.079
45.25	0.484	0.034
45.3	0.521	0.002
45.35	0.55	-0.026
45.4	0.5705	-0.043
45.45	0.5795	-0.0505
45.5	0.5825	-0.048
45.55	0.5755	-0.04
45.6	0.5605	-0.0225
45.65	0.535	0.0015
45.7	0.503	0.0375
45.75	0.4625	0.0735
45.8	0.42	0.1215
45.85	0.371	0.17
45.9	0.3195	0.2205
45.95	0.2665	0.268
46	0.2195	0.319
46.05	0.1685	0.3635
46.1	0.124	0.4075
46.15	0.0845	0.442
46.2	0.057	0.4725
46.25	0.0315	0.49
46.3	0.0185	0.503
46.35	0.0145	0.507
46.4	0.022	0.5055
46.45	0.032	0.4885
46.5	0.0545	0.4685
46.55	0.0825	0.4355
46.6	0.1235	0.397
46.65	0.161	0.351
46.7	0.2105	0.3075
46.75	0.257	0.257
46.8	0.3125	0.207
46.85	0.361	0.1545
46.9	0.4105	0.1105
46.95	0.4565	0.064
47	0.5	0.028
47.05	0.534	-0.007
47.1	0.559	-0.027
47.15	0.5765	-0.045
47.2	0.5865	-0.048
47.25	0.5865	-0.0485
47.3	0.578	-0.0305
47.35	0.557	-0.0135
47.4	0.5305	0.016
47.45	0.494	0.0485
47.5	0.4545	0.0915
47.55	0.407	0.1335
47.6	0.3555	0.185
47.65	0.3	0.2345
47.7	0.2495	0.2855
47.75	0.1975	0.3325
47.8	0.1535	0.3785
47.85	0.109	0.4155
47.9	0.077	0.454
47.95	0.044	0.4765
48	0.027	0.495
48.05	0.013	0.503
48.1	0.0135	0.506
48.15	0.0195	0.497
48.2	0.035	0.482
48.25	0.056	0.4535
48.3	0.09	0.4215
48.35	0.125	0.38
48.4	0.17	0.3405
48.45	0.219	0.288
48.5	0.2735	0.241
48.55	0.3265	0.1895
48.6	0.3765	0.141
48.65	0.425	0.0925
48.7	0.471	0.052
48.75	0.5075	0.0135
48.8	0.5375	-0.0135
48.85	0.562	-0.036
48.9	0.5795	-0.043
48.95	0.588	-0.049
49	0.5845	-0.0415
49.05	0.572	-0.028
49.1	0.553	-0.0025
49.15	0.5235	0.0275
49.2	0.4875	0.068
49.25	0.443	0.1075
49.3	0.397	0.154
49.35	0.344	0.204
49.4	0.293	0.2575
49.45	0.241	0.303
49.5	0.193	0.3515
49.55	0.1445	0.393
49.6	0.104	0.4295
49.65	0.0685	0.458
49.7	0.0415	0.484
49.75	0.0225	0.495
49.8	0.0135	0.5015
49.85	0.0115	0.496
49.9	0.0185	0.486
49.95	0.0345	0.466
50	0.063	0.4375
50.05	0.0975	0.4015
50.1	0.14	0.3655
50.15	0.187	0.318
50.2	0.2365	0.27
50.25	0.286	0.219
50.3	0.339	0.17
50.35	0.386	0.12
50.4	0.437	0.0805
50.45	0.4795	0.0435
50.5	0.5195	0.012
50.55	0.548	-0.017
50.6	0.5705	-0.0355
50.65	0.582	-0.0455
50.7	0.5865	-0.0445
50.75	0.581	-0.037
50.8	0.5675	-0.0205
50.85	0.5425	0.006
50.9	0.5125	0.04
50.95	0.4735	0.08
51	0.4285	0.124
51.05	0.3795	0.1715
51.1	0.3295	0.2215
51.15	0.2765	0.2715
51.2	0.228	0.32
51.25	0.1805	0.3645
51.3	0.138	0.4085
51.35	0.098	0.443
51.4	0.0655	0.4705
51.45	0.039	0.4875
51.5	0.023	0.4985
51.55	0.015	0.5
51.6	0.016	0.4955
51.65	0.0265	0.481
51.7	0.048	0.458
51.75	0.073	0.425
51.8	0.1115	0.3895
51.85	0.1495	0.343
51.9	0.196	0.3005
51.95	0.245	0.2505
52	0.296	0.1985
52.05	0.3495	0.1495
52.1	0.3995	0.0995
52.15	0.445	0.058
52.2	0.4865	0.022
52.25	0.5225	-0.0075
52.3	0.5505	-0.031
52.35	0.5705	-0.0435
52.4	0.579	-0.0485
52.45	0.581	-0.0475
52.5	0.573	-0.0365
52.55	0.5595	-0.0125
52.6	0.5345	0.016
52.65	0.503	0.0525
52.7	0.462	0.093
52.75	0.4165	0.14
52.8	0.3665	0.188
52.85	0.3185	0.238
52.9	0.2675	0.289
52.95	0.218	0.3385
53	0.171	0.382
53.05	0.1315	0.422
53.1	0.089	0.452
53.15	0.0585	0.482
53.2	0.0335	0.497
53.25	0.0225	0.506
53.3	0.0145	0.5035
53.35	0.019	0.497
53.4	0.0315	0.478
53.45	0.0545	0.451
53.5	0.0835	0.418
53.55	0.1215	0.3775
53.6	0.161	0.3325
53.65	0.21	0.285
53.7	0.258	0.236
53.75	0.31	0.188
53.8	0.3595	0.137
53.85	0.4095	0.09
53.9	0.453	0.045
53.95	0.495	0.01
54	0.529	-0.0175
54.05	0.5555	-0.0335
54.1	0.5695	-0.0505
54.15	0.5795	-0.0505
54.2	0.5775	-0.0465
54.25	0.5665	-0.0285
54.3	0.5475	-0.0045
54.35	0.5215	0.0255
54.4	0.4855	0.0635
54.45	0.4465	0.107
54.5	0.3985	0.155
54.55	0.354	0.2045
54.6	0.3025	0.2525
54.65	0.254	0.3035
54.7	0.204	0.349
54.75	0.16	0.3945
54.8	0.1145	0.4315
54.85	0.0805	0.4675
54.9	0.0545	0.4885
54.95	0.0385	0.504
55	0.027	0.5105
55.05	0.0225	0.5115
55.1	0.0245	0.498
55.15	0.044	0.4775
55.2	0.0675	0.4445
55.25	0.0995	0.408
55.3	0.1355	0.3655
55.35	0.1785	0.3235
55.4	0.226	0.2705
55.45	0.2785	0.2235
55.5	0.328	0.171
55.55	0.379	0.1235
55.6	0.422	0.0775
55.65	0.4655	0.0375
55.7	0.5015	0.001
55.75	0.534	-0.024
55.8	0.556	-0.0435
55.85	0.572	-0.0525
55.9	0.5765	-0.056
55.95	0.5775	-0.0435
56	0.562	-0.0285
56.05	0.5405	-0.0005
56.1	0.5095	0.0325
56.15	0.473	0.0745
56.2	0.427	0.1165
56.25	0.3825	0.168
56.3	0.3345	0.2185
56.35	0.2855	0.272
56.4	0.233	0.3175
56.45	0.1865	0.3675
56.5	0.1435	0.409
56.55	0.1075	0.449
56.6	0.074	0.4785
56.65	0.0525	0.4995
56.7	0.0325	0.508
56.75	0.025	0.513
56.8	0.0265	0.5045
56.85	0.0355	0.493
56.9	0.053	0.4695
56.95	0.083	0.44
57	0.1155	0.4015
57.05	0.1555	0.3585
57.1	0.1985	0.31
57.15	0.2485	0.259
57.2	0.2985	0.204
57.25	0.3485	0.157
57.3	0.392	0.1075
57.35	0.4375	0.065
57.4	0.4765	0.025
57.45	0.5125	-0.007
57.5	0.539	-0.035
57.55	0.562	-0.05
57.6	0.573	-0.059
57.65	0.5745	-0.055
57.7	0.566	-0.044
57.75	0.551	-0.023
57.8	0.5255	0.0025
57.85	0.494	0.0395
57.9	0.457	0.081
57.95	0.416	0.13
58	0.368	0.179
58.05	0.3185	0.231
58.1	0.2655	0.282
58.15	0.22	0.3345
58.2	0.1715	0.3755
58.25	0.132	0.4165
58.3	0.0945	0.455
58.35	0.068	0.4845
58.4	0.0455	0.5025
58.45	0.032	0.5135
58.5	0.025	0.512
58.55	0.0285	0.5075
58.6	0.0415	0.4885
58.65	0.0625	0.4645
58.7	0.093	0.427
58.75	0.1285	0.39
58.8	0.169	0.345
58.85	0.216	0.299
58.9	0.263	0.2445
58.95	0.3135	0.1935
59	0.3625	0.1395
59.05	0.412	0.094
59.1	0.454	0.0485
59.15	0.493	0.015
59.2	0.5255	-0.017
59.25	0.5515	-0.0395
59.3	0.5655	-0.055
59.35	0.5715	-0.0575
59.4	0.572	-0.053
59.45	0.562	-0.036
59.5	0.5425	-0.0155
59.55	0.5145	0.013
59.6	0.4785	0.0485
59.65	0.4405	0.092
59.7	0.392	0.14
59.75	0.347	0.19
59.8	0.298	0.242
59.85	0.249	0.293
59.9	0.2	0.3395
59.95	0.1565	0.3875
60	0.1185	0.427
60.05	0.085	0.4615
60.1	0.056	0.486
60.15	0.037	0.501
60.2	0.0275	0.509
60.25	0.026	0.508
60.3	0.0325	0.497
60.35	0.049	0.4815
60.4	0.0755	0.456
60.45	0.1045	0.4185
60.5	0.1445	0.3775
60.55	0.1895	0.33
60.6	0.2385	0.2785
60.65	0.283	0.23
60.7	0.333	0.1805
60.75	0.379	0.13
60.8	0.4245	0.083
60.85	0.4665	0.0405
60.9	0.5065	0.009
60.95	0.535	-0.0195
61	0.5585	-0.0405
61.05	0.5715	-0.05
61.1	0.575	-0.055
61.15	0.5675	-0.0525
61.2	0.5535	-0.0345
61.25	0.5315	-0.009
61.3	0.504	0.024
61.35	0.465	0.065
61.4	0.4255	0.111
61.45	0.3785	0.152
61.5	0.331	0.2015
61.55	0.279	0.2535
61.6	0.2305	0.3055
61.65	0.1825	0.352
61.7	0.14	0.3995
61.75	0.1035	0.4355
61.8	0.0705	0.4645
61.85	0.0465	0.4855
61.9	0.0315	0.503
61.95	0.0215	0.5085
62	0.0265	0.5065
62.05	0.0375	0.493
62.1	0.0605	0.472
62.15	0.0845	0.4415
62.2	0.1195	0.408
62.25	0.157	0.365
62.3	0.203	0.3215
62.35	0.2515	0.2715
62.4	0.304	0.2245
62.45	0.3515	0.172
62.5	0.401	0.1255
62.55	0.4475	0.08
62.6	0.4865	0.0395
62.65	0.52	0.004
62.7	0.5485	-0.0215
62.75	0.566	-0.039
62.8	0.577	-0.049
62.85	0.5765	-0.0515
62.9	0.569	-0.041
62.95	0.551	-0.026
63	0.5275	0.0005
63.05	0.49	0.035
63.1	0.454	0.0775
63.15	0.4095	0.1205
63.2	0.3645	0.1685
63.25	0.3155	0.218
63.3	0.2655	0.271
63.35	0.213	0.3195
63.4	0.169	0.3645
63.45	0.126	0.4015
63.5	0.091	0.441
63.55	0.057	0.4695
63.6	0.0385	0.493
63.65	0.0215	0.502
63.7	0.0215	0.507
63.75	0.027	0.4975
63.8	0.042	0.4815
63.85	0.0625	0.459
63.9	0.0965	0.431
63.95	0.131	0.393
64	0.1735	0.351
64.05	0.22	0.3025
64.1	0.2685	0.2555
64.15	0.3155	0.205
64.2	0.3685	0.1575
64.25	0.4145	0.1075
64.3	0.4595	0.066
64.35	0.4945	0.028
64.4	0.528	0
64.45	0.552	-0.0255
64.5	0.5695	-0.041
64.55	0.5755	-0.049
64.6	0.5765	-0.0425
64.65	0.5665	-0.0305
64.7	0.55	-0.0085
64.75	0.5195	0.0135
64.8	0.484	0.052
64.85	0.4425	0.09
64.9	0.3995	0.139
64.95	0.35	0.1825
65	0.2985	0.236
65.05	0.2475	0.283
